input_folder,embedding,model,experiment,fold,metric,value,model_class,summary_path,source_file
results/sciplex3_cv/max100,ecfp,linear,linear_ecfp,0,rmse_average,0.04966,LinearAdditive,results/sciplex3_cv/max100/linear_ecfp/fold0/evaluation/summary.csv,summary_tables/sciplex3_cv/sciplex3_cv_max100_ecfp_per_fold.csv
results/sciplex3_cv/max100,ecfp,linear,linear_ecfp,0,rmse_rank_average,0.4255,LinearAdditive,results/sciplex3_cv/max100/linear_ecfp/fold0/evaluation/summary.csv,summary_tables/sciplex3_cv/sciplex3_cv_max100_ecfp_per_fold.csv
results/sciplex3_cv/max100,ecfp,linear,linear_ecfp,0,cosine_pca_average,0.7899,LinearAdditive,results/sciplex3_cv/max100/linear_ecfp/fold0/evaluation/summary.csv,summary_tables/sciplex3_cv/sciplex3_cv_max100_ecfp_per_fold.csv
results/sciplex3_cv/max100,ecfp,linear,linear_ecfp,0,cosine_rank_pca_average,0.4181,LinearAdditive,results/sciplex3_cv/max100/linear_ecfp/fold0/evaluation/summary.csv,summary_tables/sciplex3_cv/sciplex3_cv_max100_ecfp_per_fold.csv
results/sciplex3_cv/max100,ecfp,linear,linear_ecfp,0,cosine_logfc,0.1439,LinearAdditive,results/sciplex3_cv/max100/linear_ecfp/fold0/evaluation/summary.csv,summary_tables/sciplex3_cv/sciplex3_cv_max100_ecfp_per_fold.csv
results/sciplex3_cv/max100,ecfp,linear,linear_ecfp,0,cosine_rank_logfc,0.4394,LinearAdditive,results/sciplex3_cv/max100/linear_ecfp/fold0/evaluation/summary.csv,summary_tables/sciplex3_cv/sciplex3_cv_max100_ecfp_per_fold.csv
results/sciplex3_cv/max100,ecfp,linear,linear_ecfp,0,r2_score_scores,-0.05732,LinearAdditive,results/sciplex3_cv/max100/linear_ecfp/fold0/evaluation/summary.csv,summary_tables/sciplex3_cv/sciplex3_cv_max100_ecfp_per_fold.csv
results/sciplex3_cv/max100,ecfp,linear,linear_ecfp,0,top_k_recall_scores,0.0,LinearAdditive,results/sciplex3_cv/max100/linear_ecfp/fold0/evaluation/summary.csv,summary_tables/sciplex3_cv/sciplex3_cv_max100_ecfp_per_fold.csv
results/sciplex3_cv/max100,ecfp,linear,linear_ecfp,0,mmd_pca,1.459,LinearAdditive,results/sciplex3_cv/max100/linear_ecfp/fold0/evaluation/summary.csv,summary_tables/sciplex3_cv/sciplex3_cv_max100_ecfp_per_fold.csv
results/sciplex3_cv/max100,ecfp,linear,linear_ecfp,0,mmd_rank_pca,0.4166,LinearAdditive,results/sciplex3_cv/max100/linear_ecfp/fold0/evaluation/summary.csv,summary_tables/sciplex3_cv/sciplex3_cv_max100_ecfp_per_fold.csv
results/sciplex3_cv/max100,ecfp,linear,linear_ecfp,1,rmse_average,0.04638,LinearAdditive,results/sciplex3_cv/max100/linear_ecfp/fold1/evaluation/summary.csv,summary_tables/sciplex3_cv/sciplex3_cv_max100_ecfp_per_fold.csv
results/sciplex3_cv/max100,ecfp,linear,linear_ecfp,1,rmse_rank_average,0.4104,LinearAdditive,results/sciplex3_cv/max100/linear_ecfp/fold1/evaluation/summary.csv,summary_tables/sciplex3_cv/sciplex3_cv_max100_ecfp_per_fold.csv
results/sciplex3_cv/max100,ecfp,linear,linear_ecfp,1,cosine_pca_average,0.795,LinearAdditive,results/sciplex3_cv/max100/linear_ecfp/fold1/evaluation/summary.csv,summary_tables/sciplex3_cv/sciplex3_cv_max100_ecfp_per_fold.csv
results/sciplex3_cv/max100,ecfp,linear,linear_ecfp,1,cosine_rank_pca_average,0.4013,LinearAdditive,results/sciplex3_cv/max100/linear_ecfp/fold1/evaluation/summary.csv,summary_tables/sciplex3_cv/sciplex3_cv_max100_ecfp_per_fold.csv
results/sciplex3_cv/max100,ecfp,linear,linear_ecfp,1,cosine_logfc,0.165,LinearAdditive,results/sciplex3_cv/max100/linear_ecfp/fold1/evaluation/summary.csv,summary_tables/sciplex3_cv/sciplex3_cv_max100_ecfp_per_fold.csv
results/sciplex3_cv/max100,ecfp,linear,linear_ecfp,1,cosine_rank_logfc,0.4266,LinearAdditive,results/sciplex3_cv/max100/linear_ecfp/fold1/evaluation/summary.csv,summary_tables/sciplex3_cv/sciplex3_cv_max100_ecfp_per_fold.csv
results/sciplex3_cv/max100,ecfp,linear,linear_ecfp,1,r2_score_scores,-0.05547,LinearAdditive,results/sciplex3_cv/max100/linear_ecfp/fold1/evaluation/summary.csv,summary_tables/sciplex3_cv/sciplex3_cv_max100_ecfp_per_fold.csv
results/sciplex3_cv/max100,ecfp,linear,linear_ecfp,1,top_k_recall_scores,0.0,LinearAdditive,results/sciplex3_cv/max100/linear_ecfp/fold1/evaluation/summary.csv,summary_tables/sciplex3_cv/sciplex3_cv_max100_ecfp_per_fold.csv
results/sciplex3_cv/max100,ecfp,linear,linear_ecfp,1,mmd_pca,1.391,LinearAdditive,results/sciplex3_cv/max100/linear_ecfp/fold1/evaluation/summary.csv,summary_tables/sciplex3_cv/sciplex3_cv_max100_ecfp_per_fold.csv
results/sciplex3_cv/max100,ecfp,linear,linear_ecfp,1,mmd_rank_pca,0.4073,LinearAdditive,results/sciplex3_cv/max100/linear_ecfp/fold1/evaluation/summary.csv,summary_tables/sciplex3_cv/sciplex3_cv_max100_ecfp_per_fold.csv
results/sciplex3_cv/max100,ecfp,linear,linear_ecfp,2,rmse_average,0.0513,LinearAdditive,results/sciplex3_cv/max100/linear_ecfp/fold2/evaluation/summary.csv,summary_tables/sciplex3_cv/sciplex3_cv_max100_ecfp_per_fold.csv
results/sciplex3_cv/max100,ecfp,linear,linear_ecfp,2,rmse_rank_average,0.4377,LinearAdditive,results/sciplex3_cv/max100/linear_ecfp/fold2/evaluation/summary.csv,summary_tables/sciplex3_cv/sciplex3_cv_max100_ecfp_per_fold.csv
results/sciplex3_cv/max100,ecfp,linear,linear_ecfp,2,cosine_pca_average,0.7735,LinearAdditive,results/sciplex3_cv/max100/linear_ecfp/fold2/evaluation/summary.csv,summary_tables/sciplex3_cv/sciplex3_cv_max100_ecfp_per_fold.csv
results/sciplex3_cv/max100,ecfp,linear,linear_ecfp,2,cosine_rank_pca_average,0.4249,LinearAdditive,results/sciplex3_cv/max100/linear_ecfp/fold2/evaluation/summary.csv,summary_tables/sciplex3_cv/sciplex3_cv_max100_ecfp_per_fold.csv
results/sciplex3_cv/max100,ecfp,linear,linear_ecfp,2,cosine_logfc,0.124,LinearAdditive,results/sciplex3_cv/max100/linear_ecfp/fold2/evaluation/summary.csv,summary_tables/sciplex3_cv/sciplex3_cv_max100_ecfp_per_fold.csv
results/sciplex3_cv/max100,ecfp,linear,linear_ecfp,2,cosine_rank_logfc,0.4758,LinearAdditive,results/sciplex3_cv/max100/linear_ecfp/fold2/evaluation/summary.csv,summary_tables/sciplex3_cv/sciplex3_cv_max100_ecfp_per_fold.csv
results/sciplex3_cv/max100,ecfp,linear,linear_ecfp,2,r2_score_scores,-0.06029,LinearAdditive,results/sciplex3_cv/max100/linear_ecfp/fold2/evaluation/summary.csv,summary_tables/sciplex3_cv/sciplex3_cv_max100_ecfp_per_fold.csv
results/sciplex3_cv/max100,ecfp,linear,linear_ecfp,2,top_k_recall_scores,0.0,LinearAdditive,results/sciplex3_cv/max100/linear_ecfp/fold2/evaluation/summary.csv,summary_tables/sciplex3_cv/sciplex3_cv_max100_ecfp_per_fold.csv
results/sciplex3_cv/max100,ecfp,linear,linear_ecfp,2,mmd_pca,1.536,LinearAdditive,results/sciplex3_cv/max100/linear_ecfp/fold2/evaluation/summary.csv,summary_tables/sciplex3_cv/sciplex3_cv_max100_ecfp_per_fold.csv
results/sciplex3_cv/max100,ecfp,linear,linear_ecfp,2,mmd_rank_pca,0.4326,LinearAdditive,results/sciplex3_cv/max100/linear_ecfp/fold2/evaluation/summary.csv,summary_tables/sciplex3_cv/sciplex3_cv_max100_ecfp_per_fold.csv
results/sciplex3_cv/max100,ecfp,linear,linear_ecfp,3,rmse_average,0.04709,LinearAdditive,results/sciplex3_cv/max100/linear_ecfp/fold3/evaluation/summary.csv,summary_tables/sciplex3_cv/sciplex3_cv_max100_ecfp_per_fold.csv
results/sciplex3_cv/max100,ecfp,linear,linear_ecfp,3,rmse_rank_average,0.3854,LinearAdditive,results/sciplex3_cv/max100/linear_ecfp/fold3/evaluation/summary.csv,summary_tables/sciplex3_cv/sciplex3_cv_max100_ecfp_per_fold.csv
results/sciplex3_cv/max100,ecfp,linear,linear_ecfp,3,cosine_pca_average,0.7895,LinearAdditive,results/sciplex3_cv/max100/linear_ecfp/fold3/evaluation/summary.csv,summary_tables/sciplex3_cv/sciplex3_cv_max100_ecfp_per_fold.csv
results/sciplex3_cv/max100,ecfp,linear,linear_ecfp,3,cosine_rank_pca_average,0.324,LinearAdditive,results/sciplex3_cv/max100/linear_ecfp/fold3/evaluation/summary.csv,summary_tables/sciplex3_cv/sciplex3_cv_max100_ecfp_per_fold.csv
results/sciplex3_cv/max100,ecfp,linear,linear_ecfp,3,cosine_logfc,0.1818,LinearAdditive,results/sciplex3_cv/max100/linear_ecfp/fold3/evaluation/summary.csv,summary_tables/sciplex3_cv/sciplex3_cv_max100_ecfp_per_fold.csv
results/sciplex3_cv/max100,ecfp,linear,linear_ecfp,3,cosine_rank_logfc,0.3894,LinearAdditive,results/sciplex3_cv/max100/linear_ecfp/fold3/evaluation/summary.csv,summary_tables/sciplex3_cv/sciplex3_cv_max100_ecfp_per_fold.csv
results/sciplex3_cv/max100,ecfp,linear,linear_ecfp,3,r2_score_scores,-0.05445,LinearAdditive,results/sciplex3_cv/max100/linear_ecfp/fold3/evaluation/summary.csv,summary_tables/sciplex3_cv/sciplex3_cv_max100_ecfp_per_fold.csv
results/sciplex3_cv/max100,ecfp,linear,linear_ecfp,3,top_k_recall_scores,0.0,LinearAdditive,results/sciplex3_cv/max100/linear_ecfp/fold3/evaluation/summary.csv,summary_tables/sciplex3_cv/sciplex3_cv_max100_ecfp_per_fold.csv
results/sciplex3_cv/max100,ecfp,linear,linear_ecfp,3,mmd_pca,1.468,LinearAdditive,results/sciplex3_cv/max100/linear_ecfp/fold3/evaluation/summary.csv,summary_tables/sciplex3_cv/sciplex3_cv_max100_ecfp_per_fold.csv
results/sciplex3_cv/max100,ecfp,linear,linear_ecfp,3,mmd_rank_pca,0.3484,LinearAdditive,results/sciplex3_cv/max100/linear_ecfp/fold3/evaluation/summary.csv,summary_tables/sciplex3_cv/sciplex3_cv_max100_ecfp_per_fold.csv
results/sciplex3_cv/max100,ecfp,latent,latent_ecfp,0,rmse_average,0.02417,LatentAdditive,results/sciplex3_cv/max100/latent_ecfp/fold0/evaluation/summary.csv,summary_tables/sciplex3_cv/sciplex3_cv_max100_ecfp_per_fold.csv
results/sciplex3_cv/max100,ecfp,latent,latent_ecfp,0,rmse_rank_average,0.3566,LatentAdditive,results/sciplex3_cv/max100/latent_ecfp/fold0/evaluation/summary.csv,summary_tables/sciplex3_cv/sciplex3_cv_max100_ecfp_per_fold.csv
results/sciplex3_cv/max100,ecfp,latent,latent_ecfp,0,cosine_pca_average,0.9044,LatentAdditive,results/sciplex3_cv/max100/latent_ecfp/fold0/evaluation/summary.csv,summary_tables/sciplex3_cv/sciplex3_cv_max100_ecfp_per_fold.csv
results/sciplex3_cv/max100,ecfp,latent,latent_ecfp,0,cosine_rank_pca_average,0.3149,LatentAdditive,results/sciplex3_cv/max100/latent_ecfp/fold0/evaluation/summary.csv,summary_tables/sciplex3_cv/sciplex3_cv_max100_ecfp_per_fold.csv
results/sciplex3_cv/max100,ecfp,latent,latent_ecfp,0,cosine_logfc,0.2864,LatentAdditive,results/sciplex3_cv/max100/latent_ecfp/fold0/evaluation/summary.csv,summary_tables/sciplex3_cv/sciplex3_cv_max100_ecfp_per_fold.csv
results/sciplex3_cv/max100,ecfp,latent,latent_ecfp,0,cosine_rank_logfc,0.3839,LatentAdditive,results/sciplex3_cv/max100/latent_ecfp/fold0/evaluation/summary.csv,summary_tables/sciplex3_cv/sciplex3_cv_max100_ecfp_per_fold.csv
results/sciplex3_cv/max100,ecfp,latent,latent_ecfp,0,r2_score_scores,-0.1794,LatentAdditive,results/sciplex3_cv/max100/latent_ecfp/fold0/evaluation/summary.csv,summary_tables/sciplex3_cv/sciplex3_cv_max100_ecfp_per_fold.csv
results/sciplex3_cv/max100,ecfp,latent,latent_ecfp,0,top_k_recall_scores,0.0,LatentAdditive,results/sciplex3_cv/max100/latent_ecfp/fold0/evaluation/summary.csv,summary_tables/sciplex3_cv/sciplex3_cv_max100_ecfp_per_fold.csv
results/sciplex3_cv/max100,ecfp,latent,latent_ecfp,0,mmd_pca,2.041,LatentAdditive,results/sciplex3_cv/max100/latent_ecfp/fold0/evaluation/summary.csv,summary_tables/sciplex3_cv/sciplex3_cv_max100_ecfp_per_fold.csv
results/sciplex3_cv/max100,ecfp,latent,latent_ecfp,0,mmd_rank_pca,0.3037,LatentAdditive,results/sciplex3_cv/max100/latent_ecfp/fold0/evaluation/summary.csv,summary_tables/sciplex3_cv/sciplex3_cv_max100_ecfp_per_fold.csv
results/sciplex3_cv/max100,ecfp,latent,latent_ecfp,1,rmse_average,0.02363,LatentAdditive,results/sciplex3_cv/max100/latent_ecfp/fold1/evaluation/summary.csv,summary_tables/sciplex3_cv/sciplex3_cv_max100_ecfp_per_fold.csv
results/sciplex3_cv/max100,ecfp,latent,latent_ecfp,1,rmse_rank_average,0.3316,LatentAdditive,results/sciplex3_cv/max100/latent_ecfp/fold1/evaluation/summary.csv,summary_tables/sciplex3_cv/sciplex3_cv_max100_ecfp_per_fold.csv
results/sciplex3_cv/max100,ecfp,latent,latent_ecfp,1,cosine_pca_average,0.9167,LatentAdditive,results/sciplex3_cv/max100/latent_ecfp/fold1/evaluation/summary.csv,summary_tables/sciplex3_cv/sciplex3_cv_max100_ecfp_per_fold.csv
results/sciplex3_cv/max100,ecfp,latent,latent_ecfp,1,cosine_rank_pca_average,0.2948,LatentAdditive,results/sciplex3_cv/max100/latent_ecfp/fold1/evaluation/summary.csv,summary_tables/sciplex3_cv/sciplex3_cv_max100_ecfp_per_fold.csv
results/sciplex3_cv/max100,ecfp,latent,latent_ecfp,1,cosine_logfc,0.3403,LatentAdditive,results/sciplex3_cv/max100/latent_ecfp/fold1/evaluation/summary.csv,summary_tables/sciplex3_cv/sciplex3_cv_max100_ecfp_per_fold.csv
results/sciplex3_cv/max100,ecfp,latent,latent_ecfp,1,cosine_rank_logfc,0.3389,LatentAdditive,results/sciplex3_cv/max100/latent_ecfp/fold1/evaluation/summary.csv,summary_tables/sciplex3_cv/sciplex3_cv_max100_ecfp_per_fold.csv
results/sciplex3_cv/max100,ecfp,latent,latent_ecfp,1,r2_score_scores,-0.1873,LatentAdditive,results/sciplex3_cv/max100/latent_ecfp/fold1/evaluation/summary.csv,summary_tables/sciplex3_cv/sciplex3_cv_max100_ecfp_per_fold.csv
results/sciplex3_cv/max100,ecfp,latent,latent_ecfp,1,top_k_recall_scores,0.0,LatentAdditive,results/sciplex3_cv/max100/latent_ecfp/fold1/evaluation/summary.csv,summary_tables/sciplex3_cv/sciplex3_cv_max100_ecfp_per_fold.csv
results/sciplex3_cv/max100,ecfp,latent,latent_ecfp,1,mmd_pca,1.996,LatentAdditive,results/sciplex3_cv/max100/latent_ecfp/fold1/evaluation/summary.csv,summary_tables/sciplex3_cv/sciplex3_cv_max100_ecfp_per_fold.csv
results/sciplex3_cv/max100,ecfp,latent,latent_ecfp,1,mmd_rank_pca,0.2865,LatentAdditive,results/sciplex3_cv/max100/latent_ecfp/fold1/evaluation/summary.csv,summary_tables/sciplex3_cv/sciplex3_cv_max100_ecfp_per_fold.csv
results/sciplex3_cv/max100,ecfp,latent,latent_ecfp,2,rmse_average,0.02287,LatentAdditive,results/sciplex3_cv/max100/latent_ecfp/fold2/evaluation/summary.csv,summary_tables/sciplex3_cv/sciplex3_cv_max100_ecfp_per_fold.csv
results/sciplex3_cv/max100,ecfp,latent,latent_ecfp,2,rmse_rank_average,0.3842,LatentAdditive,results/sciplex3_cv/max100/latent_ecfp/fold2/evaluation/summary.csv,summary_tables/sciplex3_cv/sciplex3_cv_max100_ecfp_per_fold.csv
results/sciplex3_cv/max100,ecfp,latent,latent_ecfp,2,cosine_pca_average,0.9241,LatentAdditive,results/sciplex3_cv/max100/latent_ecfp/fold2/evaluation/summary.csv,summary_tables/sciplex3_cv/sciplex3_cv_max100_ecfp_per_fold.csv
results/sciplex3_cv/max100,ecfp,latent,latent_ecfp,2,cosine_rank_pca_average,0.1454,LatentAdditive,results/sciplex3_cv/max100/latent_ecfp/fold2/evaluation/summary.csv,summary_tables/sciplex3_cv/sciplex3_cv_max100_ecfp_per_fold.csv
results/sciplex3_cv/max100,ecfp,latent,latent_ecfp,2,cosine_logfc,0.2918,LatentAdditive,results/sciplex3_cv/max100/latent_ecfp/fold2/evaluation/summary.csv,summary_tables/sciplex3_cv/sciplex3_cv_max100_ecfp_per_fold.csv
results/sciplex3_cv/max100,ecfp,latent,latent_ecfp,2,cosine_rank_logfc,0.3889,LatentAdditive,results/sciplex3_cv/max100/latent_ecfp/fold2/evaluation/summary.csv,summary_tables/sciplex3_cv/sciplex3_cv_max100_ecfp_per_fold.csv
results/sciplex3_cv/max100,ecfp,latent,latent_ecfp,2,r2_score_scores,-0.1794,LatentAdditive,results/sciplex3_cv/max100/latent_ecfp/fold2/evaluation/summary.csv,summary_tables/sciplex3_cv/sciplex3_cv_max100_ecfp_per_fold.csv
results/sciplex3_cv/max100,ecfp,latent,latent_ecfp,2,top_k_recall_scores,0.0,LatentAdditive,results/sciplex3_cv/max100/latent_ecfp/fold2/evaluation/summary.csv,summary_tables/sciplex3_cv/sciplex3_cv_max100_ecfp_per_fold.csv
results/sciplex3_cv/max100,ecfp,latent,latent_ecfp,2,mmd_pca,1.996,LatentAdditive,results/sciplex3_cv/max100/latent_ecfp/fold2/evaluation/summary.csv,summary_tables/sciplex3_cv/sciplex3_cv_max100_ecfp_per_fold.csv
results/sciplex3_cv/max100,ecfp,latent,latent_ecfp,2,mmd_rank_pca,0.1461,LatentAdditive,results/sciplex3_cv/max100/latent_ecfp/fold2/evaluation/summary.csv,summary_tables/sciplex3_cv/sciplex3_cv_max100_ecfp_per_fold.csv
results/sciplex3_cv/max100,ecfp,latent,latent_ecfp,3,rmse_average,0.02371,LatentAdditive,results/sciplex3_cv/max100/latent_ecfp/fold3/evaluation/summary.csv,summary_tables/sciplex3_cv/sciplex3_cv_max100_ecfp_per_fold.csv
results/sciplex3_cv/max100,ecfp,latent,latent_ecfp,3,rmse_rank_average,0.3291,LatentAdditive,results/sciplex3_cv/max100/latent_ecfp/fold3/evaluation/summary.csv,summary_tables/sciplex3_cv/sciplex3_cv_max100_ecfp_per_fold.csv
results/sciplex3_cv/max100,ecfp,latent,latent_ecfp,3,cosine_pca_average,0.9146,LatentAdditive,results/sciplex3_cv/max100/latent_ecfp/fold3/evaluation/summary.csv,summary_tables/sciplex3_cv/sciplex3_cv_max100_ecfp_per_fold.csv
results/sciplex3_cv/max100,ecfp,latent,latent_ecfp,3,cosine_rank_pca_average,0.2075,LatentAdditive,results/sciplex3_cv/max100/latent_ecfp/fold3/evaluation/summary.csv,summary_tables/sciplex3_cv/sciplex3_cv_max100_ecfp_per_fold.csv
results/sciplex3_cv/max100,ecfp,latent,latent_ecfp,3,cosine_logfc,0.316,LatentAdditive,results/sciplex3_cv/max100/latent_ecfp/fold3/evaluation/summary.csv,summary_tables/sciplex3_cv/sciplex3_cv_max100_ecfp_per_fold.csv
results/sciplex3_cv/max100,ecfp,latent,latent_ecfp,3,cosine_rank_logfc,0.3563,LatentAdditive,results/sciplex3_cv/max100/latent_ecfp/fold3/evaluation/summary.csv,summary_tables/sciplex3_cv/sciplex3_cv_max100_ecfp_per_fold.csv
results/sciplex3_cv/max100,ecfp,latent,latent_ecfp,3,r2_score_scores,-0.1829,LatentAdditive,results/sciplex3_cv/max100/latent_ecfp/fold3/evaluation/summary.csv,summary_tables/sciplex3_cv/sciplex3_cv_max100_ecfp_per_fold.csv
results/sciplex3_cv/max100,ecfp,latent,latent_ecfp,3,top_k_recall_scores,0.0,LatentAdditive,results/sciplex3_cv/max100/latent_ecfp/fold3/evaluation/summary.csv,summary_tables/sciplex3_cv/sciplex3_cv_max100_ecfp_per_fold.csv
results/sciplex3_cv/max100,ecfp,latent,latent_ecfp,3,mmd_pca,2.065,LatentAdditive,results/sciplex3_cv/max100/latent_ecfp/fold3/evaluation/summary.csv,summary_tables/sciplex3_cv/sciplex3_cv_max100_ecfp_per_fold.csv
results/sciplex3_cv/max100,ecfp,latent,latent_ecfp,3,mmd_rank_pca,0.1941,LatentAdditive,results/sciplex3_cv/max100/latent_ecfp/fold3/evaluation/summary.csv,summary_tables/sciplex3_cv/sciplex3_cv_max100_ecfp_per_fold.csv
results/sciplex3_cv/max100,ecfp,decoder,decoder_ecfp,0,rmse_average,0.02478,DecoderOnly,results/sciplex3_cv/max100/decoder_ecfp/fold0/evaluation/summary.csv,summary_tables/sciplex3_cv/sciplex3_cv_max100_ecfp_per_fold.csv
results/sciplex3_cv/max100,ecfp,decoder,decoder_ecfp,0,rmse_rank_average,0.3287,DecoderOnly,results/sciplex3_cv/max100/decoder_ecfp/fold0/evaluation/summary.csv,summary_tables/sciplex3_cv/sciplex3_cv_max100_ecfp_per_fold.csv
results/sciplex3_cv/max100,ecfp,decoder,decoder_ecfp,0,cosine_pca_average,0.9055,DecoderOnly,results/sciplex3_cv/max100/decoder_ecfp/fold0/evaluation/summary.csv,summary_tables/sciplex3_cv/sciplex3_cv_max100_ecfp_per_fold.csv
results/sciplex3_cv/max100,ecfp,decoder,decoder_ecfp,0,cosine_rank_pca_average,0.3368,DecoderOnly,results/sciplex3_cv/max100/decoder_ecfp/fold0/evaluation/summary.csv,summary_tables/sciplex3_cv/sciplex3_cv_max100_ecfp_per_fold.csv
results/sciplex3_cv/max100,ecfp,decoder,decoder_ecfp,0,cosine_logfc,0.2231,DecoderOnly,results/sciplex3_cv/max100/decoder_ecfp/fold0/evaluation/summary.csv,summary_tables/sciplex3_cv/sciplex3_cv_max100_ecfp_per_fold.csv
results/sciplex3_cv/max100,ecfp,decoder,decoder_ecfp,0,cosine_rank_logfc,0.3604,DecoderOnly,results/sciplex3_cv/max100/decoder_ecfp/fold0/evaluation/summary.csv,summary_tables/sciplex3_cv/sciplex3_cv_max100_ecfp_per_fold.csv
results/sciplex3_cv/max100,ecfp,decoder,decoder_ecfp,0,r2_score_scores,-0.06531,DecoderOnly,results/sciplex3_cv/max100/decoder_ecfp/fold0/evaluation/summary.csv,summary_tables/sciplex3_cv/sciplex3_cv_max100_ecfp_per_fold.csv
results/sciplex3_cv/max100,ecfp,decoder,decoder_ecfp,0,top_k_recall_scores,0.0,DecoderOnly,results/sciplex3_cv/max100/decoder_ecfp/fold0/evaluation/summary.csv,summary_tables/sciplex3_cv/sciplex3_cv_max100_ecfp_per_fold.csv
results/sciplex3_cv/max100,ecfp,decoder,decoder_ecfp,0,mmd_pca,2.085,DecoderOnly,results/sciplex3_cv/max100/decoder_ecfp/fold0/evaluation/summary.csv,summary_tables/sciplex3_cv/sciplex3_cv_max100_ecfp_per_fold.csv
results/sciplex3_cv/max100,ecfp,decoder,decoder_ecfp,0,mmd_rank_pca,0.3353,DecoderOnly,results/sciplex3_cv/max100/decoder_ecfp/fold0/evaluation/summary.csv,summary_tables/sciplex3_cv/sciplex3_cv_max100_ecfp_per_fold.csv
results/sciplex3_cv/max100,ecfp,decoder,decoder_ecfp,1,rmse_average,0.02363,DecoderOnly,results/sciplex3_cv/max100/decoder_ecfp/fold1/evaluation/summary.csv,summary_tables/sciplex3_cv/sciplex3_cv_max100_ecfp_per_fold.csv
results/sciplex3_cv/max100,ecfp,decoder,decoder_ecfp,1,rmse_rank_average,0.2979,DecoderOnly,results/sciplex3_cv/max100/decoder_ecfp/fold1/evaluation/summary.csv,summary_tables/sciplex3_cv/sciplex3_cv_max100_ecfp_per_fold.csv
results/sciplex3_cv/max100,ecfp,decoder,decoder_ecfp,1,cosine_pca_average,0.9252,DecoderOnly,results/sciplex3_cv/max100/decoder_ecfp/fold1/evaluation/summary.csv,summary_tables/sciplex3_cv/sciplex3_cv_max100_ecfp_per_fold.csv
results/sciplex3_cv/max100,ecfp,decoder,decoder_ecfp,1,cosine_rank_pca_average,0.302,DecoderOnly,results/sciplex3_cv/max100/decoder_ecfp/fold1/evaluation/summary.csv,summary_tables/sciplex3_cv/sciplex3_cv_max100_ecfp_per_fold.csv
results/sciplex3_cv/max100,ecfp,decoder,decoder_ecfp,1,cosine_logfc,0.2733,DecoderOnly,results/sciplex3_cv/max100/decoder_ecfp/fold1/evaluation/summary.csv,summary_tables/sciplex3_cv/sciplex3_cv_max100_ecfp_per_fold.csv
results/sciplex3_cv/max100,ecfp,decoder,decoder_ecfp,1,cosine_rank_logfc,0.326,DecoderOnly,results/sciplex3_cv/max100/decoder_ecfp/fold1/evaluation/summary.csv,summary_tables/sciplex3_cv/sciplex3_cv_max100_ecfp_per_fold.csv
results/sciplex3_cv/max100,ecfp,decoder,decoder_ecfp,1,r2_score_scores,-0.06605,DecoderOnly,results/sciplex3_cv/max100/decoder_ecfp/fold1/evaluation/summary.csv,summary_tables/sciplex3_cv/sciplex3_cv_max100_ecfp_per_fold.csv
results/sciplex3_cv/max100,ecfp,decoder,decoder_ecfp,1,top_k_recall_scores,0.0,DecoderOnly,results/sciplex3_cv/max100/decoder_ecfp/fold1/evaluation/summary.csv,summary_tables/sciplex3_cv/sciplex3_cv_max100_ecfp_per_fold.csv
results/sciplex3_cv/max100,ecfp,decoder,decoder_ecfp,1,mmd_pca,2.002,DecoderOnly,results/sciplex3_cv/max100/decoder_ecfp/fold1/evaluation/summary.csv,summary_tables/sciplex3_cv/sciplex3_cv_max100_ecfp_per_fold.csv
results/sciplex3_cv/max100,ecfp,decoder,decoder_ecfp,1,mmd_rank_pca,0.3004,DecoderOnly,results/sciplex3_cv/max100/decoder_ecfp/fold1/evaluation/summary.csv,summary_tables/sciplex3_cv/sciplex3_cv_max100_ecfp_per_fold.csv
results/sciplex3_cv/max100,ecfp,decoder,decoder_ecfp,2,rmse_average,0.02379,DecoderOnly,results/sciplex3_cv/max100/decoder_ecfp/fold2/evaluation/summary.csv,summary_tables/sciplex3_cv/sciplex3_cv_max100_ecfp_per_fold.csv
results/sciplex3_cv/max100,ecfp,decoder,decoder_ecfp,2,rmse_rank_average,0.3837,DecoderOnly,results/sciplex3_cv/max100/decoder_ecfp/fold2/evaluation/summary.csv,summary_tables/sciplex3_cv/sciplex3_cv_max100_ecfp_per_fold.csv
results/sciplex3_cv/max100,ecfp,decoder,decoder_ecfp,2,cosine_pca_average,0.9299,DecoderOnly,results/sciplex3_cv/max100/decoder_ecfp/fold2/evaluation/summary.csv,summary_tables/sciplex3_cv/sciplex3_cv_max100_ecfp_per_fold.csv
results/sciplex3_cv/max100,ecfp,decoder,decoder_ecfp,2,cosine_rank_pca_average,0.3846,DecoderOnly,results/sciplex3_cv/max100/decoder_ecfp/fold2/evaluation/summary.csv,summary_tables/sciplex3_cv/sciplex3_cv_max100_ecfp_per_fold.csv
results/sciplex3_cv/max100,ecfp,decoder,decoder_ecfp,2,cosine_logfc,0.2112,DecoderOnly,results/sciplex3_cv/max100/decoder_ecfp/fold2/evaluation/summary.csv,summary_tables/sciplex3_cv/sciplex3_cv_max100_ecfp_per_fold.csv
results/sciplex3_cv/max100,ecfp,decoder,decoder_ecfp,2,cosine_rank_logfc,0.3926,DecoderOnly,results/sciplex3_cv/max100/decoder_ecfp/fold2/evaluation/summary.csv,summary_tables/sciplex3_cv/sciplex3_cv_max100_ecfp_per_fold.csv
results/sciplex3_cv/max100,ecfp,decoder,decoder_ecfp,2,r2_score_scores,-0.0645,DecoderOnly,results/sciplex3_cv/max100/decoder_ecfp/fold2/evaluation/summary.csv,summary_tables/sciplex3_cv/sciplex3_cv_max100_ecfp_per_fold.csv
results/sciplex3_cv/max100,ecfp,decoder,decoder_ecfp,2,top_k_recall_scores,0.0,DecoderOnly,results/sciplex3_cv/max100/decoder_ecfp/fold2/evaluation/summary.csv,summary_tables/sciplex3_cv/sciplex3_cv_max100_ecfp_per_fold.csv
results/sciplex3_cv/max100,ecfp,decoder,decoder_ecfp,2,mmd_pca,2.024,DecoderOnly,results/sciplex3_cv/max100/decoder_ecfp/fold2/evaluation/summary.csv,summary_tables/sciplex3_cv/sciplex3_cv_max100_ecfp_per_fold.csv
results/sciplex3_cv/max100,ecfp,decoder,decoder_ecfp,2,mmd_rank_pca,0.3842,DecoderOnly,results/sciplex3_cv/max100/decoder_ecfp/fold2/evaluation/summary.csv,summary_tables/sciplex3_cv/sciplex3_cv_max100_ecfp_per_fold.csv
results/sciplex3_cv/max100,ecfp,decoder,decoder_ecfp,3,rmse_average,0.02424,DecoderOnly,results/sciplex3_cv/max100/decoder_ecfp/fold3/evaluation/summary.csv,summary_tables/sciplex3_cv/sciplex3_cv_max100_ecfp_per_fold.csv
results/sciplex3_cv/max100,ecfp,decoder,decoder_ecfp,3,rmse_rank_average,0.3132,DecoderOnly,results/sciplex3_cv/max100/decoder_ecfp/fold3/evaluation/summary.csv,summary_tables/sciplex3_cv/sciplex3_cv_max100_ecfp_per_fold.csv
results/sciplex3_cv/max100,ecfp,decoder,decoder_ecfp,3,cosine_pca_average,0.9173,DecoderOnly,results/sciplex3_cv/max100/decoder_ecfp/fold3/evaluation/summary.csv,summary_tables/sciplex3_cv/sciplex3_cv_max100_ecfp_per_fold.csv
results/sciplex3_cv/max100,ecfp,decoder,decoder_ecfp,3,cosine_rank_pca_average,0.2098,DecoderOnly,results/sciplex3_cv/max100/decoder_ecfp/fold3/evaluation/summary.csv,summary_tables/sciplex3_cv/sciplex3_cv_max100_ecfp_per_fold.csv
results/sciplex3_cv/max100,ecfp,decoder,decoder_ecfp,3,cosine_logfc,0.2627,DecoderOnly,results/sciplex3_cv/max100/decoder_ecfp/fold3/evaluation/summary.csv,summary_tables/sciplex3_cv/sciplex3_cv_max100_ecfp_per_fold.csv
results/sciplex3_cv/max100,ecfp,decoder,decoder_ecfp,3,cosine_rank_logfc,0.3236,DecoderOnly,results/sciplex3_cv/max100/decoder_ecfp/fold3/evaluation/summary.csv,summary_tables/sciplex3_cv/sciplex3_cv_max100_ecfp_per_fold.csv
results/sciplex3_cv/max100,ecfp,decoder,decoder_ecfp,3,r2_score_scores,-0.06651,DecoderOnly,results/sciplex3_cv/max100/decoder_ecfp/fold3/evaluation/summary.csv,summary_tables/sciplex3_cv/sciplex3_cv_max100_ecfp_per_fold.csv
results/sciplex3_cv/max100,ecfp,decoder,decoder_ecfp,3,top_k_recall_scores,0.0,DecoderOnly,results/sciplex3_cv/max100/decoder_ecfp/fold3/evaluation/summary.csv,summary_tables/sciplex3_cv/sciplex3_cv_max100_ecfp_per_fold.csv
results/sciplex3_cv/max100,ecfp,decoder,decoder_ecfp,3,mmd_pca,2.112,DecoderOnly,results/sciplex3_cv/max100/decoder_ecfp/fold3/evaluation/summary.csv,summary_tables/sciplex3_cv/sciplex3_cv_max100_ecfp_per_fold.csv
results/sciplex3_cv/max100,ecfp,decoder,decoder_ecfp,3,mmd_rank_pca,0.1878,DecoderOnly,results/sciplex3_cv/max100/decoder_ecfp/fold3/evaluation/summary.csv,summary_tables/sciplex3_cv/sciplex3_cv_max100_ecfp_per_fold.csv
results/sciplex3_cv/max100,ecfp,cpa,cpa_ecfp,0,rmse_average,0.02435,CPA,results/sciplex3_cv/max100/cpa_ecfp/fold0/evaluation/summary.csv,summary_tables/sciplex3_cv/sciplex3_cv_max100_ecfp_per_fold.csv
results/sciplex3_cv/max100,ecfp,cpa,cpa_ecfp,0,rmse_rank_average,0.3482,CPA,results/sciplex3_cv/max100/cpa_ecfp/fold0/evaluation/summary.csv,summary_tables/sciplex3_cv/sciplex3_cv_max100_ecfp_per_fold.csv
results/sciplex3_cv/max100,ecfp,cpa,cpa_ecfp,0,cosine_pca_average,0.8936,CPA,results/sciplex3_cv/max100/cpa_ecfp/fold0/evaluation/summary.csv,summary_tables/sciplex3_cv/sciplex3_cv_max100_ecfp_per_fold.csv
results/sciplex3_cv/max100,ecfp,cpa,cpa_ecfp,0,cosine_rank_pca_average,0.3196,CPA,results/sciplex3_cv/max100/cpa_ecfp/fold0/evaluation/summary.csv,summary_tables/sciplex3_cv/sciplex3_cv_max100_ecfp_per_fold.csv
results/sciplex3_cv/max100,ecfp,cpa,cpa_ecfp,0,cosine_logfc,0.2539,CPA,results/sciplex3_cv/max100/cpa_ecfp/fold0/evaluation/summary.csv,summary_tables/sciplex3_cv/sciplex3_cv_max100_ecfp_per_fold.csv
results/sciplex3_cv/max100,ecfp,cpa,cpa_ecfp,0,cosine_rank_logfc,0.4164,CPA,results/sciplex3_cv/max100/cpa_ecfp/fold0/evaluation/summary.csv,summary_tables/sciplex3_cv/sciplex3_cv_max100_ecfp_per_fold.csv
results/sciplex3_cv/max100,ecfp,cpa,cpa_ecfp,0,r2_score_scores,-0.001378,CPA,results/sciplex3_cv/max100/cpa_ecfp/fold0/evaluation/summary.csv,summary_tables/sciplex3_cv/sciplex3_cv_max100_ecfp_per_fold.csv
results/sciplex3_cv/max100,ecfp,cpa,cpa_ecfp,0,top_k_recall_scores,0.0004762,CPA,results/sciplex3_cv/max100/cpa_ecfp/fold0/evaluation/summary.csv,summary_tables/sciplex3_cv/sciplex3_cv_max100_ecfp_per_fold.csv
results/sciplex3_cv/max100,ecfp,cpa,cpa_ecfp,0,mmd_pca,2.096,CPA,results/sciplex3_cv/max100/cpa_ecfp/fold0/evaluation/summary.csv,summary_tables/sciplex3_cv/sciplex3_cv_max100_ecfp_per_fold.csv
results/sciplex3_cv/max100,ecfp,cpa,cpa_ecfp,0,mmd_rank_pca,0.3182,CPA,results/sciplex3_cv/max100/cpa_ecfp/fold0/evaluation/summary.csv,summary_tables/sciplex3_cv/sciplex3_cv_max100_ecfp_per_fold.csv
results/sciplex3_cv/max100,ecfp,cpa,cpa_ecfp,1,rmse_average,0.02326,CPA,results/sciplex3_cv/max100/cpa_ecfp/fold1/evaluation/summary.csv,summary_tables/sciplex3_cv/sciplex3_cv_max100_ecfp_per_fold.csv
results/sciplex3_cv/max100,ecfp,cpa,cpa_ecfp,1,rmse_rank_average,0.3509,CPA,results/sciplex3_cv/max100/cpa_ecfp/fold1/evaluation/summary.csv,summary_tables/sciplex3_cv/sciplex3_cv_max100_ecfp_per_fold.csv
results/sciplex3_cv/max100,ecfp,cpa,cpa_ecfp,1,cosine_pca_average,0.9179,CPA,results/sciplex3_cv/max100/cpa_ecfp/fold1/evaluation/summary.csv,summary_tables/sciplex3_cv/sciplex3_cv_max100_ecfp_per_fold.csv
results/sciplex3_cv/max100,ecfp,cpa,cpa_ecfp,1,cosine_rank_pca_average,0.3229,CPA,results/sciplex3_cv/max100/cpa_ecfp/fold1/evaluation/summary.csv,summary_tables/sciplex3_cv/sciplex3_cv_max100_ecfp_per_fold.csv
results/sciplex3_cv/max100,ecfp,cpa,cpa_ecfp,1,cosine_logfc,0.3145,CPA,results/sciplex3_cv/max100/cpa_ecfp/fold1/evaluation/summary.csv,summary_tables/sciplex3_cv/sciplex3_cv_max100_ecfp_per_fold.csv
results/sciplex3_cv/max100,ecfp,cpa,cpa_ecfp,1,cosine_rank_logfc,0.3823,CPA,results/sciplex3_cv/max100/cpa_ecfp/fold1/evaluation/summary.csv,summary_tables/sciplex3_cv/sciplex3_cv_max100_ecfp_per_fold.csv
results/sciplex3_cv/max100,ecfp,cpa,cpa_ecfp,1,r2_score_scores,-0.0007056,CPA,results/sciplex3_cv/max100/cpa_ecfp/fold1/evaluation/summary.csv,summary_tables/sciplex3_cv/sciplex3_cv_max100_ecfp_per_fold.csv
results/sciplex3_cv/max100,ecfp,cpa,cpa_ecfp,1,top_k_recall_scores,0.001905,CPA,results/sciplex3_cv/max100/cpa_ecfp/fold1/evaluation/summary.csv,summary_tables/sciplex3_cv/sciplex3_cv_max100_ecfp_per_fold.csv
results/sciplex3_cv/max100,ecfp,cpa,cpa_ecfp,1,mmd_pca,2.003,CPA,results/sciplex3_cv/max100/cpa_ecfp/fold1/evaluation/summary.csv,summary_tables/sciplex3_cv/sciplex3_cv_max100_ecfp_per_fold.csv
results/sciplex3_cv/max100,ecfp,cpa,cpa_ecfp,1,mmd_rank_pca,0.3105,CPA,results/sciplex3_cv/max100/cpa_ecfp/fold1/evaluation/summary.csv,summary_tables/sciplex3_cv/sciplex3_cv_max100_ecfp_per_fold.csv
results/sciplex3_cv/max100,ecfp,cpa,cpa_ecfp,2,rmse_average,0.02349,CPA,results/sciplex3_cv/max100/cpa_ecfp/fold2/evaluation/summary.csv,summary_tables/sciplex3_cv/sciplex3_cv_max100_ecfp_per_fold.csv
results/sciplex3_cv/max100,ecfp,cpa,cpa_ecfp,2,rmse_rank_average,0.3866,CPA,results/sciplex3_cv/max100/cpa_ecfp/fold2/evaluation/summary.csv,summary_tables/sciplex3_cv/sciplex3_cv_max100_ecfp_per_fold.csv
results/sciplex3_cv/max100,ecfp,cpa,cpa_ecfp,2,cosine_pca_average,0.9099,CPA,results/sciplex3_cv/max100/cpa_ecfp/fold2/evaluation/summary.csv,summary_tables/sciplex3_cv/sciplex3_cv_max100_ecfp_per_fold.csv
results/sciplex3_cv/max100,ecfp,cpa,cpa_ecfp,2,cosine_rank_pca_average,0.1467,CPA,results/sciplex3_cv/max100/cpa_ecfp/fold2/evaluation/summary.csv,summary_tables/sciplex3_cv/sciplex3_cv_max100_ecfp_per_fold.csv
results/sciplex3_cv/max100,ecfp,cpa,cpa_ecfp,2,cosine_logfc,0.2527,CPA,results/sciplex3_cv/max100/cpa_ecfp/fold2/evaluation/summary.csv,summary_tables/sciplex3_cv/sciplex3_cv_max100_ecfp_per_fold.csv
results/sciplex3_cv/max100,ecfp,cpa,cpa_ecfp,2,cosine_rank_logfc,0.4441,CPA,results/sciplex3_cv/max100/cpa_ecfp/fold2/evaluation/summary.csv,summary_tables/sciplex3_cv/sciplex3_cv_max100_ecfp_per_fold.csv
results/sciplex3_cv/max100,ecfp,cpa,cpa_ecfp,2,r2_score_scores,-0.003241,CPA,results/sciplex3_cv/max100/cpa_ecfp/fold2/evaluation/summary.csv,summary_tables/sciplex3_cv/sciplex3_cv_max100_ecfp_per_fold.csv
results/sciplex3_cv/max100,ecfp,cpa,cpa_ecfp,2,top_k_recall_scores,0.0003175,CPA,results/sciplex3_cv/max100/cpa_ecfp/fold2/evaluation/summary.csv,summary_tables/sciplex3_cv/sciplex3_cv_max100_ecfp_per_fold.csv
results/sciplex3_cv/max100,ecfp,cpa,cpa_ecfp,2,mmd_pca,2.06,CPA,results/sciplex3_cv/max100/cpa_ecfp/fold2/evaluation/summary.csv,summary_tables/sciplex3_cv/sciplex3_cv_max100_ecfp_per_fold.csv
results/sciplex3_cv/max100,ecfp,cpa,cpa_ecfp,2,mmd_rank_pca,0.1481,CPA,results/sciplex3_cv/max100/cpa_ecfp/fold2/evaluation/summary.csv,summary_tables/sciplex3_cv/sciplex3_cv_max100_ecfp_per_fold.csv
results/sciplex3_cv/max100,ecfp,cpa,cpa_ecfp,3,rmse_average,0.02363,CPA,results/sciplex3_cv/max100/cpa_ecfp/fold3/evaluation/summary.csv,summary_tables/sciplex3_cv/sciplex3_cv_max100_ecfp_per_fold.csv
results/sciplex3_cv/max100,ecfp,cpa,cpa_ecfp,3,rmse_rank_average,0.3762,CPA,results/sciplex3_cv/max100/cpa_ecfp/fold3/evaluation/summary.csv,summary_tables/sciplex3_cv/sciplex3_cv_max100_ecfp_per_fold.csv
results/sciplex3_cv/max100,ecfp,cpa,cpa_ecfp,3,cosine_pca_average,0.9057,CPA,results/sciplex3_cv/max100/cpa_ecfp/fold3/evaluation/summary.csv,summary_tables/sciplex3_cv/sciplex3_cv_max100_ecfp_per_fold.csv
results/sciplex3_cv/max100,ecfp,cpa,cpa_ecfp,3,cosine_rank_pca_average,0.2427,CPA,results/sciplex3_cv/max100/cpa_ecfp/fold3/evaluation/summary.csv,summary_tables/sciplex3_cv/sciplex3_cv_max100_ecfp_per_fold.csv
results/sciplex3_cv/max100,ecfp,cpa,cpa_ecfp,3,cosine_logfc,0.305,CPA,results/sciplex3_cv/max100/cpa_ecfp/fold3/evaluation/summary.csv,summary_tables/sciplex3_cv/sciplex3_cv_max100_ecfp_per_fold.csv
results/sciplex3_cv/max100,ecfp,cpa,cpa_ecfp,3,cosine_rank_logfc,0.3925,CPA,results/sciplex3_cv/max100/cpa_ecfp/fold3/evaluation/summary.csv,summary_tables/sciplex3_cv/sciplex3_cv_max100_ecfp_per_fold.csv
results/sciplex3_cv/max100,ecfp,cpa,cpa_ecfp,3,r2_score_scores,-0.001165,CPA,results/sciplex3_cv/max100/cpa_ecfp/fold3/evaluation/summary.csv,summary_tables/sciplex3_cv/sciplex3_cv_max100_ecfp_per_fold.csv
results/sciplex3_cv/max100,ecfp,cpa,cpa_ecfp,3,top_k_recall_scores,0.001951,CPA,results/sciplex3_cv/max100/cpa_ecfp/fold3/evaluation/summary.csv,summary_tables/sciplex3_cv/sciplex3_cv_max100_ecfp_per_fold.csv
results/sciplex3_cv/max100,ecfp,cpa,cpa_ecfp,3,mmd_pca,2.107,CPA,results/sciplex3_cv/max100/cpa_ecfp/fold3/evaluation/summary.csv,summary_tables/sciplex3_cv/sciplex3_cv_max100_ecfp_per_fold.csv
results/sciplex3_cv/max100,ecfp,cpa,cpa_ecfp,3,mmd_rank_pca,0.2242,CPA,results/sciplex3_cv/max100/cpa_ecfp/fold3/evaluation/summary.csv,summary_tables/sciplex3_cv/sciplex3_cv_max100_ecfp_per_fold.csv
results/sciplex3_cv/max100,ecfp,cpa_noadv,cpa_noadv_ecfp,0,rmse_average,0.02308,CPA,results/sciplex3_cv/max100/cpa_noadv_ecfp/fold0/evaluation/summary.csv,summary_tables/sciplex3_cv/sciplex3_cv_max100_ecfp_per_fold.csv
results/sciplex3_cv/max100,ecfp,cpa_noadv,cpa_noadv_ecfp,0,rmse_rank_average,0.3432,CPA,results/sciplex3_cv/max100/cpa_noadv_ecfp/fold0/evaluation/summary.csv,summary_tables/sciplex3_cv/sciplex3_cv_max100_ecfp_per_fold.csv
results/sciplex3_cv/max100,ecfp,cpa_noadv,cpa_noadv_ecfp,0,cosine_pca_average,0.9131,CPA,results/sciplex3_cv/max100/cpa_noadv_ecfp/fold0/evaluation/summary.csv,summary_tables/sciplex3_cv/sciplex3_cv_max100_ecfp_per_fold.csv
results/sciplex3_cv/max100,ecfp,cpa_noadv,cpa_noadv_ecfp,0,cosine_rank_pca_average,0.3413,CPA,results/sciplex3_cv/max100/cpa_noadv_ecfp/fold0/evaluation/summary.csv,summary_tables/sciplex3_cv/sciplex3_cv_max100_ecfp_per_fold.csv
results/sciplex3_cv/max100,ecfp,cpa_noadv,cpa_noadv_ecfp,0,cosine_logfc,0.284,CPA,results/sciplex3_cv/max100/cpa_noadv_ecfp/fold0/evaluation/summary.csv,summary_tables/sciplex3_cv/sciplex3_cv_max100_ecfp_per_fold.csv
results/sciplex3_cv/max100,ecfp,cpa_noadv,cpa_noadv_ecfp,0,cosine_rank_logfc,0.384,CPA,results/sciplex3_cv/max100/cpa_noadv_ecfp/fold0/evaluation/summary.csv,summary_tables/sciplex3_cv/sciplex3_cv_max100_ecfp_per_fold.csv
results/sciplex3_cv/max100,ecfp,cpa_noadv,cpa_noadv_ecfp,0,r2_score_scores,7.302e-05,CPA,results/sciplex3_cv/max100/cpa_noadv_ecfp/fold0/evaluation/summary.csv,summary_tables/sciplex3_cv/sciplex3_cv_max100_ecfp_per_fold.csv
results/sciplex3_cv/max100,ecfp,cpa_noadv,cpa_noadv_ecfp,0,top_k_recall_scores,0.001429,CPA,results/sciplex3_cv/max100/cpa_noadv_ecfp/fold0/evaluation/summary.csv,summary_tables/sciplex3_cv/sciplex3_cv_max100_ecfp_per_fold.csv
results/sciplex3_cv/max100,ecfp,cpa_noadv,cpa_noadv_ecfp,0,mmd_pca,0.8167,CPA,results/sciplex3_cv/max100/cpa_noadv_ecfp/fold0/evaluation/summary.csv,summary_tables/sciplex3_cv/sciplex3_cv_max100_ecfp_per_fold.csv
results/sciplex3_cv/max100,ecfp,cpa_noadv,cpa_noadv_ecfp,0,mmd_rank_pca,0.3457,CPA,results/sciplex3_cv/max100/cpa_noadv_ecfp/fold0/evaluation/summary.csv,summary_tables/sciplex3_cv/sciplex3_cv_max100_ecfp_per_fold.csv
results/sciplex3_cv/max100,ecfp,cpa_noadv,cpa_noadv_ecfp,1,rmse_average,0.02324,CPA,results/sciplex3_cv/max100/cpa_noadv_ecfp/fold1/evaluation/summary.csv,summary_tables/sciplex3_cv/sciplex3_cv_max100_ecfp_per_fold.csv
results/sciplex3_cv/max100,ecfp,cpa_noadv,cpa_noadv_ecfp,1,rmse_rank_average,0.2964,CPA,results/sciplex3_cv/max100/cpa_noadv_ecfp/fold1/evaluation/summary.csv,summary_tables/sciplex3_cv/sciplex3_cv_max100_ecfp_per_fold.csv
results/sciplex3_cv/max100,ecfp,cpa_noadv,cpa_noadv_ecfp,1,cosine_pca_average,0.9135,CPA,results/sciplex3_cv/max100/cpa_noadv_ecfp/fold1/evaluation/summary.csv,summary_tables/sciplex3_cv/sciplex3_cv_max100_ecfp_per_fold.csv
results/sciplex3_cv/max100,ecfp,cpa_noadv,cpa_noadv_ecfp,1,cosine_rank_pca_average,0.2973,CPA,results/sciplex3_cv/max100/cpa_noadv_ecfp/fold1/evaluation/summary.csv,summary_tables/sciplex3_cv/sciplex3_cv_max100_ecfp_per_fold.csv
results/sciplex3_cv/max100,ecfp,cpa_noadv,cpa_noadv_ecfp,1,cosine_logfc,0.3062,CPA,results/sciplex3_cv/max100/cpa_noadv_ecfp/fold1/evaluation/summary.csv,summary_tables/sciplex3_cv/sciplex3_cv_max100_ecfp_per_fold.csv
results/sciplex3_cv/max100,ecfp,cpa_noadv,cpa_noadv_ecfp,1,cosine_rank_logfc,0.35,CPA,results/sciplex3_cv/max100/cpa_noadv_ecfp/fold1/evaluation/summary.csv,summary_tables/sciplex3_cv/sciplex3_cv_max100_ecfp_per_fold.csv
results/sciplex3_cv/max100,ecfp,cpa_noadv,cpa_noadv_ecfp,1,r2_score_scores,0.002298,CPA,results/sciplex3_cv/max100/cpa_noadv_ecfp/fold1/evaluation/summary.csv,summary_tables/sciplex3_cv/sciplex3_cv_max100_ecfp_per_fold.csv
results/sciplex3_cv/max100,ecfp,cpa_noadv,cpa_noadv_ecfp,1,top_k_recall_scores,0.002857,CPA,results/sciplex3_cv/max100/cpa_noadv_ecfp/fold1/evaluation/summary.csv,summary_tables/sciplex3_cv/sciplex3_cv_max100_ecfp_per_fold.csv
results/sciplex3_cv/max100,ecfp,cpa_noadv,cpa_noadv_ecfp,1,mmd_pca,0.8169,CPA,results/sciplex3_cv/max100/cpa_noadv_ecfp/fold1/evaluation/summary.csv,summary_tables/sciplex3_cv/sciplex3_cv_max100_ecfp_per_fold.csv
results/sciplex3_cv/max100,ecfp,cpa_noadv,cpa_noadv_ecfp,1,mmd_rank_pca,0.3237,CPA,results/sciplex3_cv/max100/cpa_noadv_ecfp/fold1/evaluation/summary.csv,summary_tables/sciplex3_cv/sciplex3_cv_max100_ecfp_per_fold.csv
results/sciplex3_cv/max100,ecfp,cpa_noadv,cpa_noadv_ecfp,2,rmse_average,0.02225,CPA,results/sciplex3_cv/max100/cpa_noadv_ecfp/fold2/evaluation/summary.csv,summary_tables/sciplex3_cv/sciplex3_cv_max100_ecfp_per_fold.csv
results/sciplex3_cv/max100,ecfp,cpa_noadv,cpa_noadv_ecfp,2,rmse_rank_average,0.3647,CPA,results/sciplex3_cv/max100/cpa_noadv_ecfp/fold2/evaluation/summary.csv,summary_tables/sciplex3_cv/sciplex3_cv_max100_ecfp_per_fold.csv
results/sciplex3_cv/max100,ecfp,cpa_noadv,cpa_noadv_ecfp,2,cosine_pca_average,0.9225,CPA,results/sciplex3_cv/max100/cpa_noadv_ecfp/fold2/evaluation/summary.csv,summary_tables/sciplex3_cv/sciplex3_cv_max100_ecfp_per_fold.csv
results/sciplex3_cv/max100,ecfp,cpa_noadv,cpa_noadv_ecfp,2,cosine_rank_pca_average,0.1349,CPA,results/sciplex3_cv/max100/cpa_noadv_ecfp/fold2/evaluation/summary.csv,summary_tables/sciplex3_cv/sciplex3_cv_max100_ecfp_per_fold.csv
results/sciplex3_cv/max100,ecfp,cpa_noadv,cpa_noadv_ecfp,2,cosine_logfc,0.2883,CPA,results/sciplex3_cv/max100/cpa_noadv_ecfp/fold2/evaluation/summary.csv,summary_tables/sciplex3_cv/sciplex3_cv_max100_ecfp_per_fold.csv
results/sciplex3_cv/max100,ecfp,cpa_noadv,cpa_noadv_ecfp,2,cosine_rank_logfc,0.4084,CPA,results/sciplex3_cv/max100/cpa_noadv_ecfp/fold2/evaluation/summary.csv,summary_tables/sciplex3_cv/sciplex3_cv_max100_ecfp_per_fold.csv
results/sciplex3_cv/max100,ecfp,cpa_noadv,cpa_noadv_ecfp,2,r2_score_scores,-0.0016,CPA,results/sciplex3_cv/max100/cpa_noadv_ecfp/fold2/evaluation/summary.csv,summary_tables/sciplex3_cv/sciplex3_cv_max100_ecfp_per_fold.csv
results/sciplex3_cv/max100,ecfp,cpa_noadv,cpa_noadv_ecfp,2,top_k_recall_scores,0.0009524,CPA,results/sciplex3_cv/max100/cpa_noadv_ecfp/fold2/evaluation/summary.csv,summary_tables/sciplex3_cv/sciplex3_cv_max100_ecfp_per_fold.csv
results/sciplex3_cv/max100,ecfp,cpa_noadv,cpa_noadv_ecfp,2,mmd_pca,0.8341,CPA,results/sciplex3_cv/max100/cpa_noadv_ecfp/fold2/evaluation/summary.csv,summary_tables/sciplex3_cv/sciplex3_cv_max100_ecfp_per_fold.csv
results/sciplex3_cv/max100,ecfp,cpa_noadv,cpa_noadv_ecfp,2,mmd_rank_pca,0.1419,CPA,results/sciplex3_cv/max100/cpa_noadv_ecfp/fold2/evaluation/summary.csv,summary_tables/sciplex3_cv/sciplex3_cv_max100_ecfp_per_fold.csv
results/sciplex3_cv/max100,ecfp,cpa_noadv,cpa_noadv_ecfp,3,rmse_average,0.02285,CPA,results/sciplex3_cv/max100/cpa_noadv_ecfp/fold3/evaluation/summary.csv,summary_tables/sciplex3_cv/sciplex3_cv_max100_ecfp_per_fold.csv
results/sciplex3_cv/max100,ecfp,cpa_noadv,cpa_noadv_ecfp,3,rmse_rank_average,0.3339,CPA,results/sciplex3_cv/max100/cpa_noadv_ecfp/fold3/evaluation/summary.csv,summary_tables/sciplex3_cv/sciplex3_cv_max100_ecfp_per_fold.csv
results/sciplex3_cv/max100,ecfp,cpa_noadv,cpa_noadv_ecfp,3,cosine_pca_average,0.9165,CPA,results/sciplex3_cv/max100/cpa_noadv_ecfp/fold3/evaluation/summary.csv,summary_tables/sciplex3_cv/sciplex3_cv_max100_ecfp_per_fold.csv
results/sciplex3_cv/max100,ecfp,cpa_noadv,cpa_noadv_ecfp,3,cosine_rank_pca_average,0.1965,CPA,results/sciplex3_cv/max100/cpa_noadv_ecfp/fold3/evaluation/summary.csv,summary_tables/sciplex3_cv/sciplex3_cv_max100_ecfp_per_fold.csv
results/sciplex3_cv/max100,ecfp,cpa_noadv,cpa_noadv_ecfp,3,cosine_logfc,0.2982,CPA,results/sciplex3_cv/max100/cpa_noadv_ecfp/fold3/evaluation/summary.csv,summary_tables/sciplex3_cv/sciplex3_cv_max100_ecfp_per_fold.csv
results/sciplex3_cv/max100,ecfp,cpa_noadv,cpa_noadv_ecfp,3,cosine_rank_logfc,0.3386,CPA,results/sciplex3_cv/max100/cpa_noadv_ecfp/fold3/evaluation/summary.csv,summary_tables/sciplex3_cv/sciplex3_cv_max100_ecfp_per_fold.csv
results/sciplex3_cv/max100,ecfp,cpa_noadv,cpa_noadv_ecfp,3,r2_score_scores,0.002718,CPA,results/sciplex3_cv/max100/cpa_noadv_ecfp/fold3/evaluation/summary.csv,summary_tables/sciplex3_cv/sciplex3_cv_max100_ecfp_per_fold.csv
results/sciplex3_cv/max100,ecfp,cpa_noadv,cpa_noadv_ecfp,3,top_k_recall_scores,0.002114,CPA,results/sciplex3_cv/max100/cpa_noadv_ecfp/fold3/evaluation/summary.csv,summary_tables/sciplex3_cv/sciplex3_cv_max100_ecfp_per_fold.csv
results/sciplex3_cv/max100,ecfp,cpa_noadv,cpa_noadv_ecfp,3,mmd_pca,0.8944,CPA,results/sciplex3_cv/max100/cpa_noadv_ecfp/fold3/evaluation/summary.csv,summary_tables/sciplex3_cv/sciplex3_cv_max100_ecfp_per_fold.csv
results/sciplex3_cv/max100,ecfp,cpa_noadv,cpa_noadv_ecfp,3,mmd_rank_pca,0.1811,CPA,results/sciplex3_cv/max100/cpa_noadv_ecfp/fold3/evaluation/summary.csv,summary_tables/sciplex3_cv/sciplex3_cv_max100_ecfp_per_fold.csv
results/sciplex3_cv/max100,lpm,linear,linear_l1000,0,rmse_average,0.1466,LinearAdditive,results/sciplex3_cv/max100/linear_l1000/fold0/evaluation/summary.csv,summary_tables/sciplex3_cv/sciplex3_cv_max100_lpm_per_fold.csv
results/sciplex3_cv/max100,lpm,linear,linear_l1000,0,rmse_rank_average,0.4756,LinearAdditive,results/sciplex3_cv/max100/linear_l1000/fold0/evaluation/summary.csv,summary_tables/sciplex3_cv/sciplex3_cv_max100_lpm_per_fold.csv
results/sciplex3_cv/max100,lpm,linear,linear_l1000,0,cosine_pca_average,0.5912,LinearAdditive,results/sciplex3_cv/max100/linear_l1000/fold0/evaluation/summary.csv,summary_tables/sciplex3_cv/sciplex3_cv_max100_lpm_per_fold.csv
results/sciplex3_cv/max100,lpm,linear,linear_l1000,0,cosine_rank_pca_average,0.4224,LinearAdditive,results/sciplex3_cv/max100/linear_l1000/fold0/evaluation/summary.csv,summary_tables/sciplex3_cv/sciplex3_cv_max100_lpm_per_fold.csv
results/sciplex3_cv/max100,lpm,linear,linear_l1000,0,cosine_logfc,0.07395,LinearAdditive,results/sciplex3_cv/max100/linear_l1000/fold0/evaluation/summary.csv,summary_tables/sciplex3_cv/sciplex3_cv_max100_lpm_per_fold.csv
results/sciplex3_cv/max100,lpm,linear,linear_l1000,0,cosine_rank_logfc,0.4845,LinearAdditive,results/sciplex3_cv/max100/linear_l1000/fold0/evaluation/summary.csv,summary_tables/sciplex3_cv/sciplex3_cv_max100_lpm_per_fold.csv
results/sciplex3_cv/max100,lpm,linear,linear_l1000,0,r2_score_scores,-0.05261,LinearAdditive,results/sciplex3_cv/max100/linear_l1000/fold0/evaluation/summary.csv,summary_tables/sciplex3_cv/sciplex3_cv_max100_lpm_per_fold.csv
results/sciplex3_cv/max100,lpm,linear,linear_l1000,0,top_k_recall_scores,0.0001587,LinearAdditive,results/sciplex3_cv/max100/linear_l1000/fold0/evaluation/summary.csv,summary_tables/sciplex3_cv/sciplex3_cv_max100_lpm_per_fold.csv
results/sciplex3_cv/max100,lpm,linear,linear_l1000,0,mmd_pca,3.588,LinearAdditive,results/sciplex3_cv/max100/linear_l1000/fold0/evaluation/summary.csv,summary_tables/sciplex3_cv/sciplex3_cv_max100_lpm_per_fold.csv
results/sciplex3_cv/max100,lpm,linear,linear_l1000,0,mmd_rank_pca,0.4458,LinearAdditive,results/sciplex3_cv/max100/linear_l1000/fold0/evaluation/summary.csv,summary_tables/sciplex3_cv/sciplex3_cv_max100_lpm_per_fold.csv
results/sciplex3_cv/max100,lpm,linear,linear_l1000,1,rmse_average,0.1255,LinearAdditive,results/sciplex3_cv/max100/linear_l1000/fold1/evaluation/summary.csv,summary_tables/sciplex3_cv/sciplex3_cv_max100_lpm_per_fold.csv
results/sciplex3_cv/max100,lpm,linear,linear_l1000,1,rmse_rank_average,0.4919,LinearAdditive,results/sciplex3_cv/max100/linear_l1000/fold1/evaluation/summary.csv,summary_tables/sciplex3_cv/sciplex3_cv_max100_lpm_per_fold.csv
results/sciplex3_cv/max100,lpm,linear,linear_l1000,1,cosine_pca_average,0.6036,LinearAdditive,results/sciplex3_cv/max100/linear_l1000/fold1/evaluation/summary.csv,summary_tables/sciplex3_cv/sciplex3_cv_max100_lpm_per_fold.csv
results/sciplex3_cv/max100,lpm,linear,linear_l1000,1,cosine_rank_pca_average,0.4437,LinearAdditive,results/sciplex3_cv/max100/linear_l1000/fold1/evaluation/summary.csv,summary_tables/sciplex3_cv/sciplex3_cv_max100_lpm_per_fold.csv
results/sciplex3_cv/max100,lpm,linear,linear_l1000,1,cosine_logfc,0.03962,LinearAdditive,results/sciplex3_cv/max100/linear_l1000/fold1/evaluation/summary.csv,summary_tables/sciplex3_cv/sciplex3_cv_max100_lpm_per_fold.csv
results/sciplex3_cv/max100,lpm,linear,linear_l1000,1,cosine_rank_logfc,0.4582,LinearAdditive,results/sciplex3_cv/max100/linear_l1000/fold1/evaluation/summary.csv,summary_tables/sciplex3_cv/sciplex3_cv_max100_lpm_per_fold.csv
results/sciplex3_cv/max100,lpm,linear,linear_l1000,1,r2_score_scores,-0.05018,LinearAdditive,results/sciplex3_cv/max100/linear_l1000/fold1/evaluation/summary.csv,summary_tables/sciplex3_cv/sciplex3_cv_max100_lpm_per_fold.csv
results/sciplex3_cv/max100,lpm,linear,linear_l1000,1,top_k_recall_scores,0.0,LinearAdditive,results/sciplex3_cv/max100/linear_l1000/fold1/evaluation/summary.csv,summary_tables/sciplex3_cv/sciplex3_cv_max100_lpm_per_fold.csv
results/sciplex3_cv/max100,lpm,linear,linear_l1000,1,mmd_pca,2.611,LinearAdditive,results/sciplex3_cv/max100/linear_l1000/fold1/evaluation/summary.csv,summary_tables/sciplex3_cv/sciplex3_cv_max100_lpm_per_fold.csv
results/sciplex3_cv/max100,lpm,linear,linear_l1000,1,mmd_rank_pca,0.4715,LinearAdditive,results/sciplex3_cv/max100/linear_l1000/fold1/evaluation/summary.csv,summary_tables/sciplex3_cv/sciplex3_cv_max100_lpm_per_fold.csv
results/sciplex3_cv/max100,lpm,linear,linear_l1000,2,rmse_average,0.1493,LinearAdditive,results/sciplex3_cv/max100/linear_l1000/fold2/evaluation/summary.csv,summary_tables/sciplex3_cv/sciplex3_cv_max100_lpm_per_fold.csv
results/sciplex3_cv/max100,lpm,linear,linear_l1000,2,rmse_rank_average,0.4853,LinearAdditive,results/sciplex3_cv/max100/linear_l1000/fold2/evaluation/summary.csv,summary_tables/sciplex3_cv/sciplex3_cv_max100_lpm_per_fold.csv
results/sciplex3_cv/max100,lpm,linear,linear_l1000,2,cosine_pca_average,0.5869,LinearAdditive,results/sciplex3_cv/max100/linear_l1000/fold2/evaluation/summary.csv,summary_tables/sciplex3_cv/sciplex3_cv_max100_lpm_per_fold.csv
results/sciplex3_cv/max100,lpm,linear,linear_l1000,2,cosine_rank_pca_average,0.4717,LinearAdditive,results/sciplex3_cv/max100/linear_l1000/fold2/evaluation/summary.csv,summary_tables/sciplex3_cv/sciplex3_cv_max100_lpm_per_fold.csv
results/sciplex3_cv/max100,lpm,linear,linear_l1000,2,cosine_logfc,0.03624,LinearAdditive,results/sciplex3_cv/max100/linear_l1000/fold2/evaluation/summary.csv,summary_tables/sciplex3_cv/sciplex3_cv_max100_lpm_per_fold.csv
results/sciplex3_cv/max100,lpm,linear,linear_l1000,2,cosine_rank_logfc,0.4853,LinearAdditive,results/sciplex3_cv/max100/linear_l1000/fold2/evaluation/summary.csv,summary_tables/sciplex3_cv/sciplex3_cv_max100_lpm_per_fold.csv
results/sciplex3_cv/max100,lpm,linear,linear_l1000,2,r2_score_scores,-0.05165,LinearAdditive,results/sciplex3_cv/max100/linear_l1000/fold2/evaluation/summary.csv,summary_tables/sciplex3_cv/sciplex3_cv_max100_lpm_per_fold.csv
results/sciplex3_cv/max100,lpm,linear,linear_l1000,2,top_k_recall_scores,0.0,LinearAdditive,results/sciplex3_cv/max100/linear_l1000/fold2/evaluation/summary.csv,summary_tables/sciplex3_cv/sciplex3_cv_max100_lpm_per_fold.csv
results/sciplex3_cv/max100,lpm,linear,linear_l1000,2,mmd_pca,3.251,LinearAdditive,results/sciplex3_cv/max100/linear_l1000/fold2/evaluation/summary.csv,summary_tables/sciplex3_cv/sciplex3_cv_max100_lpm_per_fold.csv
results/sciplex3_cv/max100,lpm,linear,linear_l1000,2,mmd_rank_pca,0.4777,LinearAdditive,results/sciplex3_cv/max100/linear_l1000/fold2/evaluation/summary.csv,summary_tables/sciplex3_cv/sciplex3_cv_max100_lpm_per_fold.csv
results/sciplex3_cv/max100,lpm,linear,linear_l1000,3,rmse_average,0.1415,LinearAdditive,results/sciplex3_cv/max100/linear_l1000/fold3/evaluation/summary.csv,summary_tables/sciplex3_cv/sciplex3_cv_max100_lpm_per_fold.csv
results/sciplex3_cv/max100,lpm,linear,linear_l1000,3,rmse_rank_average,0.485,LinearAdditive,results/sciplex3_cv/max100/linear_l1000/fold3/evaluation/summary.csv,summary_tables/sciplex3_cv/sciplex3_cv_max100_lpm_per_fold.csv
results/sciplex3_cv/max100,lpm,linear,linear_l1000,3,cosine_pca_average,0.6006,LinearAdditive,results/sciplex3_cv/max100/linear_l1000/fold3/evaluation/summary.csv,summary_tables/sciplex3_cv/sciplex3_cv_max100_lpm_per_fold.csv
results/sciplex3_cv/max100,lpm,linear,linear_l1000,3,cosine_rank_pca_average,0.4175,LinearAdditive,results/sciplex3_cv/max100/linear_l1000/fold3/evaluation/summary.csv,summary_tables/sciplex3_cv/sciplex3_cv_max100_lpm_per_fold.csv
results/sciplex3_cv/max100,lpm,linear,linear_l1000,3,cosine_logfc,0.04384,LinearAdditive,results/sciplex3_cv/max100/linear_l1000/fold3/evaluation/summary.csv,summary_tables/sciplex3_cv/sciplex3_cv_max100_lpm_per_fold.csv
results/sciplex3_cv/max100,lpm,linear,linear_l1000,3,cosine_rank_logfc,0.4612,LinearAdditive,results/sciplex3_cv/max100/linear_l1000/fold3/evaluation/summary.csv,summary_tables/sciplex3_cv/sciplex3_cv_max100_lpm_per_fold.csv
results/sciplex3_cv/max100,lpm,linear,linear_l1000,3,r2_score_scores,-0.05305,LinearAdditive,results/sciplex3_cv/max100/linear_l1000/fold3/evaluation/summary.csv,summary_tables/sciplex3_cv/sciplex3_cv_max100_lpm_per_fold.csv
results/sciplex3_cv/max100,lpm,linear,linear_l1000,3,top_k_recall_scores,0.0,LinearAdditive,results/sciplex3_cv/max100/linear_l1000/fold3/evaluation/summary.csv,summary_tables/sciplex3_cv/sciplex3_cv_max100_lpm_per_fold.csv
results/sciplex3_cv/max100,lpm,linear,linear_l1000,3,mmd_pca,2.987,LinearAdditive,results/sciplex3_cv/max100/linear_l1000/fold3/evaluation/summary.csv,summary_tables/sciplex3_cv/sciplex3_cv_max100_lpm_per_fold.csv
results/sciplex3_cv/max100,lpm,linear,linear_l1000,3,mmd_rank_pca,0.437,LinearAdditive,results/sciplex3_cv/max100/linear_l1000/fold3/evaluation/summary.csv,summary_tables/sciplex3_cv/sciplex3_cv_max100_lpm_per_fold.csv
results/sciplex3_cv/max100,lpm,latent,latent_l1000,0,rmse_average,0.02519,LatentAdditive,results/sciplex3_cv/max100/latent_l1000/fold0/evaluation/summary.csv,summary_tables/sciplex3_cv/sciplex3_cv_max100_lpm_per_fold.csv
results/sciplex3_cv/max100,lpm,latent,latent_l1000,0,rmse_rank_average,0.3575,LatentAdditive,results/sciplex3_cv/max100/latent_l1000/fold0/evaluation/summary.csv,summary_tables/sciplex3_cv/sciplex3_cv_max100_lpm_per_fold.csv
results/sciplex3_cv/max100,lpm,latent,latent_l1000,0,cosine_pca_average,0.8987,LatentAdditive,results/sciplex3_cv/max100/latent_l1000/fold0/evaluation/summary.csv,summary_tables/sciplex3_cv/sciplex3_cv_max100_lpm_per_fold.csv
results/sciplex3_cv/max100,lpm,latent,latent_l1000,0,cosine_rank_pca_average,0.3564,LatentAdditive,results/sciplex3_cv/max100/latent_l1000/fold0/evaluation/summary.csv,summary_tables/sciplex3_cv/sciplex3_cv_max100_lpm_per_fold.csv
results/sciplex3_cv/max100,lpm,latent,latent_l1000,0,cosine_logfc,0.289,LatentAdditive,results/sciplex3_cv/max100/latent_l1000/fold0/evaluation/summary.csv,summary_tables/sciplex3_cv/sciplex3_cv_max100_lpm_per_fold.csv
results/sciplex3_cv/max100,lpm,latent,latent_l1000,0,cosine_rank_logfc,0.363,LatentAdditive,results/sciplex3_cv/max100/latent_l1000/fold0/evaluation/summary.csv,summary_tables/sciplex3_cv/sciplex3_cv_max100_lpm_per_fold.csv
results/sciplex3_cv/max100,lpm,latent,latent_l1000,0,r2_score_scores,-0.1814,LatentAdditive,results/sciplex3_cv/max100/latent_l1000/fold0/evaluation/summary.csv,summary_tables/sciplex3_cv/sciplex3_cv_max100_lpm_per_fold.csv
results/sciplex3_cv/max100,lpm,latent,latent_l1000,0,top_k_recall_scores,0.0,LatentAdditive,results/sciplex3_cv/max100/latent_l1000/fold0/evaluation/summary.csv,summary_tables/sciplex3_cv/sciplex3_cv_max100_lpm_per_fold.csv
results/sciplex3_cv/max100,lpm,latent,latent_l1000,0,mmd_pca,2.06,LatentAdditive,results/sciplex3_cv/max100/latent_l1000/fold0/evaluation/summary.csv,summary_tables/sciplex3_cv/sciplex3_cv_max100_lpm_per_fold.csv
results/sciplex3_cv/max100,lpm,latent,latent_l1000,0,mmd_rank_pca,0.3571,LatentAdditive,results/sciplex3_cv/max100/latent_l1000/fold0/evaluation/summary.csv,summary_tables/sciplex3_cv/sciplex3_cv_max100_lpm_per_fold.csv
results/sciplex3_cv/max100,lpm,latent,latent_l1000,1,rmse_average,0.02437,LatentAdditive,results/sciplex3_cv/max100/latent_l1000/fold1/evaluation/summary.csv,summary_tables/sciplex3_cv/sciplex3_cv_max100_lpm_per_fold.csv
results/sciplex3_cv/max100,lpm,latent,latent_l1000,1,rmse_rank_average,0.3552,LatentAdditive,results/sciplex3_cv/max100/latent_l1000/fold1/evaluation/summary.csv,summary_tables/sciplex3_cv/sciplex3_cv_max100_lpm_per_fold.csv
results/sciplex3_cv/max100,lpm,latent,latent_l1000,1,cosine_pca_average,0.911,LatentAdditive,results/sciplex3_cv/max100/latent_l1000/fold1/evaluation/summary.csv,summary_tables/sciplex3_cv/sciplex3_cv_max100_lpm_per_fold.csv
results/sciplex3_cv/max100,lpm,latent,latent_l1000,1,cosine_rank_pca_average,0.349,LatentAdditive,results/sciplex3_cv/max100/latent_l1000/fold1/evaluation/summary.csv,summary_tables/sciplex3_cv/sciplex3_cv_max100_lpm_per_fold.csv
results/sciplex3_cv/max100,lpm,latent,latent_l1000,1,cosine_logfc,0.2947,LatentAdditive,results/sciplex3_cv/max100/latent_l1000/fold1/evaluation/summary.csv,summary_tables/sciplex3_cv/sciplex3_cv_max100_lpm_per_fold.csv
results/sciplex3_cv/max100,lpm,latent,latent_l1000,1,cosine_rank_logfc,0.356,LatentAdditive,results/sciplex3_cv/max100/latent_l1000/fold1/evaluation/summary.csv,summary_tables/sciplex3_cv/sciplex3_cv_max100_lpm_per_fold.csv
results/sciplex3_cv/max100,lpm,latent,latent_l1000,1,r2_score_scores,-0.1828,LatentAdditive,results/sciplex3_cv/max100/latent_l1000/fold1/evaluation/summary.csv,summary_tables/sciplex3_cv/sciplex3_cv_max100_lpm_per_fold.csv
results/sciplex3_cv/max100,lpm,latent,latent_l1000,1,top_k_recall_scores,0.0,LatentAdditive,results/sciplex3_cv/max100/latent_l1000/fold1/evaluation/summary.csv,summary_tables/sciplex3_cv/sciplex3_cv_max100_lpm_per_fold.csv
results/sciplex3_cv/max100,lpm,latent,latent_l1000,1,mmd_pca,2.025,LatentAdditive,results/sciplex3_cv/max100/latent_l1000/fold1/evaluation/summary.csv,summary_tables/sciplex3_cv/sciplex3_cv_max100_lpm_per_fold.csv
results/sciplex3_cv/max100,lpm,latent,latent_l1000,1,mmd_rank_pca,0.3506,LatentAdditive,results/sciplex3_cv/max100/latent_l1000/fold1/evaluation/summary.csv,summary_tables/sciplex3_cv/sciplex3_cv_max100_lpm_per_fold.csv
results/sciplex3_cv/max100,lpm,latent,latent_l1000,2,rmse_average,0.0231,LatentAdditive,results/sciplex3_cv/max100/latent_l1000/fold2/evaluation/summary.csv,summary_tables/sciplex3_cv/sciplex3_cv_max100_lpm_per_fold.csv
results/sciplex3_cv/max100,lpm,latent,latent_l1000,2,rmse_rank_average,0.3978,LatentAdditive,results/sciplex3_cv/max100/latent_l1000/fold2/evaluation/summary.csv,summary_tables/sciplex3_cv/sciplex3_cv_max100_lpm_per_fold.csv
results/sciplex3_cv/max100,lpm,latent,latent_l1000,2,cosine_pca_average,0.9236,LatentAdditive,results/sciplex3_cv/max100/latent_l1000/fold2/evaluation/summary.csv,summary_tables/sciplex3_cv/sciplex3_cv_max100_lpm_per_fold.csv
results/sciplex3_cv/max100,lpm,latent,latent_l1000,2,cosine_rank_pca_average,0.397,LatentAdditive,results/sciplex3_cv/max100/latent_l1000/fold2/evaluation/summary.csv,summary_tables/sciplex3_cv/sciplex3_cv_max100_lpm_per_fold.csv
results/sciplex3_cv/max100,lpm,latent,latent_l1000,2,cosine_logfc,0.32,LatentAdditive,results/sciplex3_cv/max100/latent_l1000/fold2/evaluation/summary.csv,summary_tables/sciplex3_cv/sciplex3_cv_max100_lpm_per_fold.csv
results/sciplex3_cv/max100,lpm,latent,latent_l1000,2,cosine_rank_logfc,0.3461,LatentAdditive,results/sciplex3_cv/max100/latent_l1000/fold2/evaluation/summary.csv,summary_tables/sciplex3_cv/sciplex3_cv_max100_lpm_per_fold.csv
results/sciplex3_cv/max100,lpm,latent,latent_l1000,2,r2_score_scores,-0.1877,LatentAdditive,results/sciplex3_cv/max100/latent_l1000/fold2/evaluation/summary.csv,summary_tables/sciplex3_cv/sciplex3_cv_max100_lpm_per_fold.csv
results/sciplex3_cv/max100,lpm,latent,latent_l1000,2,top_k_recall_scores,0.0001587,LatentAdditive,results/sciplex3_cv/max100/latent_l1000/fold2/evaluation/summary.csv,summary_tables/sciplex3_cv/sciplex3_cv_max100_lpm_per_fold.csv
results/sciplex3_cv/max100,lpm,latent,latent_l1000,2,mmd_pca,1.983,LatentAdditive,results/sciplex3_cv/max100/latent_l1000/fold2/evaluation/summary.csv,summary_tables/sciplex3_cv/sciplex3_cv_max100_lpm_per_fold.csv
results/sciplex3_cv/max100,lpm,latent,latent_l1000,2,mmd_rank_pca,0.3933,LatentAdditive,results/sciplex3_cv/max100/latent_l1000/fold2/evaluation/summary.csv,summary_tables/sciplex3_cv/sciplex3_cv_max100_lpm_per_fold.csv
results/sciplex3_cv/max100,lpm,latent,latent_l1000,3,rmse_average,0.02312,LatentAdditive,results/sciplex3_cv/max100/latent_l1000/fold3/evaluation/summary.csv,summary_tables/sciplex3_cv/sciplex3_cv_max100_lpm_per_fold.csv
results/sciplex3_cv/max100,lpm,latent,latent_l1000,3,rmse_rank_average,0.3148,LatentAdditive,results/sciplex3_cv/max100/latent_l1000/fold3/evaluation/summary.csv,summary_tables/sciplex3_cv/sciplex3_cv_max100_lpm_per_fold.csv
results/sciplex3_cv/max100,lpm,latent,latent_l1000,3,cosine_pca_average,0.924,LatentAdditive,results/sciplex3_cv/max100/latent_l1000/fold3/evaluation/summary.csv,summary_tables/sciplex3_cv/sciplex3_cv_max100_lpm_per_fold.csv
results/sciplex3_cv/max100,lpm,latent,latent_l1000,3,cosine_rank_pca_average,0.2722,LatentAdditive,results/sciplex3_cv/max100/latent_l1000/fold3/evaluation/summary.csv,summary_tables/sciplex3_cv/sciplex3_cv_max100_lpm_per_fold.csv
results/sciplex3_cv/max100,lpm,latent,latent_l1000,3,cosine_logfc,0.346,LatentAdditive,results/sciplex3_cv/max100/latent_l1000/fold3/evaluation/summary.csv,summary_tables/sciplex3_cv/sciplex3_cv_max100_lpm_per_fold.csv
results/sciplex3_cv/max100,lpm,latent,latent_l1000,3,cosine_rank_logfc,0.303,LatentAdditive,results/sciplex3_cv/max100/latent_l1000/fold3/evaluation/summary.csv,summary_tables/sciplex3_cv/sciplex3_cv_max100_lpm_per_fold.csv
results/sciplex3_cv/max100,lpm,latent,latent_l1000,3,r2_score_scores,-0.1839,LatentAdditive,results/sciplex3_cv/max100/latent_l1000/fold3/evaluation/summary.csv,summary_tables/sciplex3_cv/sciplex3_cv_max100_lpm_per_fold.csv
results/sciplex3_cv/max100,lpm,latent,latent_l1000,3,top_k_recall_scores,0.0,LatentAdditive,results/sciplex3_cv/max100/latent_l1000/fold3/evaluation/summary.csv,summary_tables/sciplex3_cv/sciplex3_cv_max100_lpm_per_fold.csv
results/sciplex3_cv/max100,lpm,latent,latent_l1000,3,mmd_pca,2.004,LatentAdditive,results/sciplex3_cv/max100/latent_l1000/fold3/evaluation/summary.csv,summary_tables/sciplex3_cv/sciplex3_cv_max100_lpm_per_fold.csv
results/sciplex3_cv/max100,lpm,latent,latent_l1000,3,mmd_rank_pca,0.2697,LatentAdditive,results/sciplex3_cv/max100/latent_l1000/fold3/evaluation/summary.csv,summary_tables/sciplex3_cv/sciplex3_cv_max100_lpm_per_fold.csv
results/sciplex3_cv/max100,lpm,decoder,decoder_l1000,0,rmse_average,0.0271,DecoderOnly,results/sciplex3_cv/max100/decoder_l1000/fold0/evaluation/summary.csv,summary_tables/sciplex3_cv/sciplex3_cv_max100_lpm_per_fold.csv
results/sciplex3_cv/max100,lpm,decoder,decoder_l1000,0,rmse_rank_average,0.3678,DecoderOnly,results/sciplex3_cv/max100/decoder_l1000/fold0/evaluation/summary.csv,summary_tables/sciplex3_cv/sciplex3_cv_max100_lpm_per_fold.csv
results/sciplex3_cv/max100,lpm,decoder,decoder_l1000,0,cosine_pca_average,0.8834,DecoderOnly,results/sciplex3_cv/max100/decoder_l1000/fold0/evaluation/summary.csv,summary_tables/sciplex3_cv/sciplex3_cv_max100_lpm_per_fold.csv
results/sciplex3_cv/max100,lpm,decoder,decoder_l1000,0,cosine_rank_pca_average,0.3742,DecoderOnly,results/sciplex3_cv/max100/decoder_l1000/fold0/evaluation/summary.csv,summary_tables/sciplex3_cv/sciplex3_cv_max100_lpm_per_fold.csv
results/sciplex3_cv/max100,lpm,decoder,decoder_l1000,0,cosine_logfc,0.2321,DecoderOnly,results/sciplex3_cv/max100/decoder_l1000/fold0/evaluation/summary.csv,summary_tables/sciplex3_cv/sciplex3_cv_max100_lpm_per_fold.csv
results/sciplex3_cv/max100,lpm,decoder,decoder_l1000,0,cosine_rank_logfc,0.3573,DecoderOnly,results/sciplex3_cv/max100/decoder_l1000/fold0/evaluation/summary.csv,summary_tables/sciplex3_cv/sciplex3_cv_max100_lpm_per_fold.csv
results/sciplex3_cv/max100,lpm,decoder,decoder_l1000,0,r2_score_scores,-0.06456,DecoderOnly,results/sciplex3_cv/max100/decoder_l1000/fold0/evaluation/summary.csv,summary_tables/sciplex3_cv/sciplex3_cv_max100_lpm_per_fold.csv
results/sciplex3_cv/max100,lpm,decoder,decoder_l1000,0,top_k_recall_scores,0.0,DecoderOnly,results/sciplex3_cv/max100/decoder_l1000/fold0/evaluation/summary.csv,summary_tables/sciplex3_cv/sciplex3_cv_max100_lpm_per_fold.csv
results/sciplex3_cv/max100,lpm,decoder,decoder_l1000,0,mmd_pca,2.177,DecoderOnly,results/sciplex3_cv/max100/decoder_l1000/fold0/evaluation/summary.csv,summary_tables/sciplex3_cv/sciplex3_cv_max100_lpm_per_fold.csv
results/sciplex3_cv/max100,lpm,decoder,decoder_l1000,0,mmd_rank_pca,0.3659,DecoderOnly,results/sciplex3_cv/max100/decoder_l1000/fold0/evaluation/summary.csv,summary_tables/sciplex3_cv/sciplex3_cv_max100_lpm_per_fold.csv
results/sciplex3_cv/max100,lpm,decoder,decoder_l1000,1,rmse_average,0.02668,DecoderOnly,results/sciplex3_cv/max100/decoder_l1000/fold1/evaluation/summary.csv,summary_tables/sciplex3_cv/sciplex3_cv_max100_lpm_per_fold.csv
results/sciplex3_cv/max100,lpm,decoder,decoder_l1000,1,rmse_rank_average,0.398,DecoderOnly,results/sciplex3_cv/max100/decoder_l1000/fold1/evaluation/summary.csv,summary_tables/sciplex3_cv/sciplex3_cv_max100_lpm_per_fold.csv
results/sciplex3_cv/max100,lpm,decoder,decoder_l1000,1,cosine_pca_average,0.8994,DecoderOnly,results/sciplex3_cv/max100/decoder_l1000/fold1/evaluation/summary.csv,summary_tables/sciplex3_cv/sciplex3_cv_max100_lpm_per_fold.csv
results/sciplex3_cv/max100,lpm,decoder,decoder_l1000,1,cosine_rank_pca_average,0.3906,DecoderOnly,results/sciplex3_cv/max100/decoder_l1000/fold1/evaluation/summary.csv,summary_tables/sciplex3_cv/sciplex3_cv_max100_lpm_per_fold.csv
results/sciplex3_cv/max100,lpm,decoder,decoder_l1000,1,cosine_logfc,0.2413,DecoderOnly,results/sciplex3_cv/max100/decoder_l1000/fold1/evaluation/summary.csv,summary_tables/sciplex3_cv/sciplex3_cv_max100_lpm_per_fold.csv
results/sciplex3_cv/max100,lpm,decoder,decoder_l1000,1,cosine_rank_logfc,0.3846,DecoderOnly,results/sciplex3_cv/max100/decoder_l1000/fold1/evaluation/summary.csv,summary_tables/sciplex3_cv/sciplex3_cv_max100_lpm_per_fold.csv
results/sciplex3_cv/max100,lpm,decoder,decoder_l1000,1,r2_score_scores,-0.06487,DecoderOnly,results/sciplex3_cv/max100/decoder_l1000/fold1/evaluation/summary.csv,summary_tables/sciplex3_cv/sciplex3_cv_max100_lpm_per_fold.csv
results/sciplex3_cv/max100,lpm,decoder,decoder_l1000,1,top_k_recall_scores,0.0,DecoderOnly,results/sciplex3_cv/max100/decoder_l1000/fold1/evaluation/summary.csv,summary_tables/sciplex3_cv/sciplex3_cv_max100_lpm_per_fold.csv
results/sciplex3_cv/max100,lpm,decoder,decoder_l1000,1,mmd_pca,2.141,DecoderOnly,results/sciplex3_cv/max100/decoder_l1000/fold1/evaluation/summary.csv,summary_tables/sciplex3_cv/sciplex3_cv_max100_lpm_per_fold.csv
results/sciplex3_cv/max100,lpm,decoder,decoder_l1000,1,mmd_rank_pca,0.3976,DecoderOnly,results/sciplex3_cv/max100/decoder_l1000/fold1/evaluation/summary.csv,summary_tables/sciplex3_cv/sciplex3_cv_max100_lpm_per_fold.csv
results/sciplex3_cv/max100,lpm,decoder,decoder_l1000,2,rmse_average,0.02658,DecoderOnly,results/sciplex3_cv/max100/decoder_l1000/fold2/evaluation/summary.csv,summary_tables/sciplex3_cv/sciplex3_cv_max100_lpm_per_fold.csv
results/sciplex3_cv/max100,lpm,decoder,decoder_l1000,2,rmse_rank_average,0.4266,DecoderOnly,results/sciplex3_cv/max100/decoder_l1000/fold2/evaluation/summary.csv,summary_tables/sciplex3_cv/sciplex3_cv_max100_lpm_per_fold.csv
results/sciplex3_cv/max100,lpm,decoder,decoder_l1000,2,cosine_pca_average,0.8917,DecoderOnly,results/sciplex3_cv/max100/decoder_l1000/fold2/evaluation/summary.csv,summary_tables/sciplex3_cv/sciplex3_cv_max100_lpm_per_fold.csv
results/sciplex3_cv/max100,lpm,decoder,decoder_l1000,2,cosine_rank_pca_average,0.4266,DecoderOnly,results/sciplex3_cv/max100/decoder_l1000/fold2/evaluation/summary.csv,summary_tables/sciplex3_cv/sciplex3_cv_max100_lpm_per_fold.csv
results/sciplex3_cv/max100,lpm,decoder,decoder_l1000,2,cosine_logfc,0.2183,DecoderOnly,results/sciplex3_cv/max100/decoder_l1000/fold2/evaluation/summary.csv,summary_tables/sciplex3_cv/sciplex3_cv_max100_lpm_per_fold.csv
results/sciplex3_cv/max100,lpm,decoder,decoder_l1000,2,cosine_rank_logfc,0.3697,DecoderOnly,results/sciplex3_cv/max100/decoder_l1000/fold2/evaluation/summary.csv,summary_tables/sciplex3_cv/sciplex3_cv_max100_lpm_per_fold.csv
results/sciplex3_cv/max100,lpm,decoder,decoder_l1000,2,r2_score_scores,-0.06572,DecoderOnly,results/sciplex3_cv/max100/decoder_l1000/fold2/evaluation/summary.csv,summary_tables/sciplex3_cv/sciplex3_cv_max100_lpm_per_fold.csv
results/sciplex3_cv/max100,lpm,decoder,decoder_l1000,2,top_k_recall_scores,0.0,DecoderOnly,results/sciplex3_cv/max100/decoder_l1000/fold2/evaluation/summary.csv,summary_tables/sciplex3_cv/sciplex3_cv_max100_lpm_per_fold.csv
results/sciplex3_cv/max100,lpm,decoder,decoder_l1000,2,mmd_pca,2.151,DecoderOnly,results/sciplex3_cv/max100/decoder_l1000/fold2/evaluation/summary.csv,summary_tables/sciplex3_cv/sciplex3_cv_max100_lpm_per_fold.csv
results/sciplex3_cv/max100,lpm,decoder,decoder_l1000,2,mmd_rank_pca,0.428,DecoderOnly,results/sciplex3_cv/max100/decoder_l1000/fold2/evaluation/summary.csv,summary_tables/sciplex3_cv/sciplex3_cv_max100_lpm_per_fold.csv
results/sciplex3_cv/max100,lpm,decoder,decoder_l1000,3,rmse_average,0.02512,DecoderOnly,results/sciplex3_cv/max100/decoder_l1000/fold3/evaluation/summary.csv,summary_tables/sciplex3_cv/sciplex3_cv_max100_lpm_per_fold.csv
results/sciplex3_cv/max100,lpm,decoder,decoder_l1000,3,rmse_rank_average,0.3181,DecoderOnly,results/sciplex3_cv/max100/decoder_l1000/fold3/evaluation/summary.csv,summary_tables/sciplex3_cv/sciplex3_cv_max100_lpm_per_fold.csv
results/sciplex3_cv/max100,lpm,decoder,decoder_l1000,3,cosine_pca_average,0.9107,DecoderOnly,results/sciplex3_cv/max100/decoder_l1000/fold3/evaluation/summary.csv,summary_tables/sciplex3_cv/sciplex3_cv_max100_lpm_per_fold.csv
results/sciplex3_cv/max100,lpm,decoder,decoder_l1000,3,cosine_rank_pca_average,0.2864,DecoderOnly,results/sciplex3_cv/max100/decoder_l1000/fold3/evaluation/summary.csv,summary_tables/sciplex3_cv/sciplex3_cv_max100_lpm_per_fold.csv
results/sciplex3_cv/max100,lpm,decoder,decoder_l1000,3,cosine_logfc,0.2789,DecoderOnly,results/sciplex3_cv/max100/decoder_l1000/fold3/evaluation/summary.csv,summary_tables/sciplex3_cv/sciplex3_cv_max100_lpm_per_fold.csv
results/sciplex3_cv/max100,lpm,decoder,decoder_l1000,3,cosine_rank_logfc,0.2882,DecoderOnly,results/sciplex3_cv/max100/decoder_l1000/fold3/evaluation/summary.csv,summary_tables/sciplex3_cv/sciplex3_cv_max100_lpm_per_fold.csv
results/sciplex3_cv/max100,lpm,decoder,decoder_l1000,3,r2_score_scores,-0.0634,DecoderOnly,results/sciplex3_cv/max100/decoder_l1000/fold3/evaluation/summary.csv,summary_tables/sciplex3_cv/sciplex3_cv_max100_lpm_per_fold.csv
results/sciplex3_cv/max100,lpm,decoder,decoder_l1000,3,top_k_recall_scores,0.0,DecoderOnly,results/sciplex3_cv/max100/decoder_l1000/fold3/evaluation/summary.csv,summary_tables/sciplex3_cv/sciplex3_cv_max100_lpm_per_fold.csv
results/sciplex3_cv/max100,lpm,decoder,decoder_l1000,3,mmd_pca,2.113,DecoderOnly,results/sciplex3_cv/max100/decoder_l1000/fold3/evaluation/summary.csv,summary_tables/sciplex3_cv/sciplex3_cv_max100_lpm_per_fold.csv
results/sciplex3_cv/max100,lpm,decoder,decoder_l1000,3,mmd_rank_pca,0.2858,DecoderOnly,results/sciplex3_cv/max100/decoder_l1000/fold3/evaluation/summary.csv,summary_tables/sciplex3_cv/sciplex3_cv_max100_lpm_per_fold.csv
results/sciplex3_cv/max100,lpm,cpa,cpa_l1000,0,rmse_average,0.02394,CPA,results/sciplex3_cv/max100/cpa_l1000/fold0/evaluation/summary.csv,summary_tables/sciplex3_cv/sciplex3_cv_max100_lpm_per_fold.csv
results/sciplex3_cv/max100,lpm,cpa,cpa_l1000,0,rmse_rank_average,0.3796,CPA,results/sciplex3_cv/max100/cpa_l1000/fold0/evaluation/summary.csv,summary_tables/sciplex3_cv/sciplex3_cv_max100_lpm_per_fold.csv
results/sciplex3_cv/max100,lpm,cpa,cpa_l1000,0,cosine_pca_average,0.9056,CPA,results/sciplex3_cv/max100/cpa_l1000/fold0/evaluation/summary.csv,summary_tables/sciplex3_cv/sciplex3_cv_max100_lpm_per_fold.csv
results/sciplex3_cv/max100,lpm,cpa,cpa_l1000,0,cosine_rank_pca_average,0.3794,CPA,results/sciplex3_cv/max100/cpa_l1000/fold0/evaluation/summary.csv,summary_tables/sciplex3_cv/sciplex3_cv_max100_lpm_per_fold.csv
results/sciplex3_cv/max100,lpm,cpa,cpa_l1000,0,cosine_logfc,0.2907,CPA,results/sciplex3_cv/max100/cpa_l1000/fold0/evaluation/summary.csv,summary_tables/sciplex3_cv/sciplex3_cv_max100_lpm_per_fold.csv
results/sciplex3_cv/max100,lpm,cpa,cpa_l1000,0,cosine_rank_logfc,0.3846,CPA,results/sciplex3_cv/max100/cpa_l1000/fold0/evaluation/summary.csv,summary_tables/sciplex3_cv/sciplex3_cv_max100_lpm_per_fold.csv
results/sciplex3_cv/max100,lpm,cpa,cpa_l1000,0,r2_score_scores,-0.001406,CPA,results/sciplex3_cv/max100/cpa_l1000/fold0/evaluation/summary.csv,summary_tables/sciplex3_cv/sciplex3_cv_max100_lpm_per_fold.csv
results/sciplex3_cv/max100,lpm,cpa,cpa_l1000,0,top_k_recall_scores,0.00127,CPA,results/sciplex3_cv/max100/cpa_l1000/fold0/evaluation/summary.csv,summary_tables/sciplex3_cv/sciplex3_cv_max100_lpm_per_fold.csv
results/sciplex3_cv/max100,lpm,cpa,cpa_l1000,0,mmd_pca,2.047,CPA,results/sciplex3_cv/max100/cpa_l1000/fold0/evaluation/summary.csv,summary_tables/sciplex3_cv/sciplex3_cv_max100_lpm_per_fold.csv
results/sciplex3_cv/max100,lpm,cpa,cpa_l1000,0,mmd_rank_pca,0.3883,CPA,results/sciplex3_cv/max100/cpa_l1000/fold0/evaluation/summary.csv,summary_tables/sciplex3_cv/sciplex3_cv_max100_lpm_per_fold.csv
results/sciplex3_cv/max100,lpm,cpa,cpa_l1000,1,rmse_average,0.02384,CPA,results/sciplex3_cv/max100/cpa_l1000/fold1/evaluation/summary.csv,summary_tables/sciplex3_cv/sciplex3_cv_max100_lpm_per_fold.csv
results/sciplex3_cv/max100,lpm,cpa,cpa_l1000,1,rmse_rank_average,0.4088,CPA,results/sciplex3_cv/max100/cpa_l1000/fold1/evaluation/summary.csv,summary_tables/sciplex3_cv/sciplex3_cv_max100_lpm_per_fold.csv
results/sciplex3_cv/max100,lpm,cpa,cpa_l1000,1,cosine_pca_average,0.9088,CPA,results/sciplex3_cv/max100/cpa_l1000/fold1/evaluation/summary.csv,summary_tables/sciplex3_cv/sciplex3_cv_max100_lpm_per_fold.csv
results/sciplex3_cv/max100,lpm,cpa,cpa_l1000,1,cosine_rank_pca_average,0.3984,CPA,results/sciplex3_cv/max100/cpa_l1000/fold1/evaluation/summary.csv,summary_tables/sciplex3_cv/sciplex3_cv_max100_lpm_per_fold.csv
results/sciplex3_cv/max100,lpm,cpa,cpa_l1000,1,cosine_logfc,0.2814,CPA,results/sciplex3_cv/max100/cpa_l1000/fold1/evaluation/summary.csv,summary_tables/sciplex3_cv/sciplex3_cv_max100_lpm_per_fold.csv
results/sciplex3_cv/max100,lpm,cpa,cpa_l1000,1,cosine_rank_logfc,0.4044,CPA,results/sciplex3_cv/max100/cpa_l1000/fold1/evaluation/summary.csv,summary_tables/sciplex3_cv/sciplex3_cv_max100_lpm_per_fold.csv
results/sciplex3_cv/max100,lpm,cpa,cpa_l1000,1,r2_score_scores,-0.001347,CPA,results/sciplex3_cv/max100/cpa_l1000/fold1/evaluation/summary.csv,summary_tables/sciplex3_cv/sciplex3_cv_max100_lpm_per_fold.csv
results/sciplex3_cv/max100,lpm,cpa,cpa_l1000,1,top_k_recall_scores,0.002222,CPA,results/sciplex3_cv/max100/cpa_l1000/fold1/evaluation/summary.csv,summary_tables/sciplex3_cv/sciplex3_cv_max100_lpm_per_fold.csv
results/sciplex3_cv/max100,lpm,cpa,cpa_l1000,1,mmd_pca,2.048,CPA,results/sciplex3_cv/max100/cpa_l1000/fold1/evaluation/summary.csv,summary_tables/sciplex3_cv/sciplex3_cv_max100_lpm_per_fold.csv
results/sciplex3_cv/max100,lpm,cpa,cpa_l1000,1,mmd_rank_pca,0.4046,CPA,results/sciplex3_cv/max100/cpa_l1000/fold1/evaluation/summary.csv,summary_tables/sciplex3_cv/sciplex3_cv_max100_lpm_per_fold.csv
results/sciplex3_cv/max100,lpm,cpa,cpa_l1000,2,rmse_average,0.02305,CPA,results/sciplex3_cv/max100/cpa_l1000/fold2/evaluation/summary.csv,summary_tables/sciplex3_cv/sciplex3_cv_max100_lpm_per_fold.csv
results/sciplex3_cv/max100,lpm,cpa,cpa_l1000,2,rmse_rank_average,0.4307,CPA,results/sciplex3_cv/max100/cpa_l1000/fold2/evaluation/summary.csv,summary_tables/sciplex3_cv/sciplex3_cv_max100_lpm_per_fold.csv
results/sciplex3_cv/max100,lpm,cpa,cpa_l1000,2,cosine_pca_average,0.9179,CPA,results/sciplex3_cv/max100/cpa_l1000/fold2/evaluation/summary.csv,summary_tables/sciplex3_cv/sciplex3_cv_max100_lpm_per_fold.csv
results/sciplex3_cv/max100,lpm,cpa,cpa_l1000,2,cosine_rank_pca_average,0.4466,CPA,results/sciplex3_cv/max100/cpa_l1000/fold2/evaluation/summary.csv,summary_tables/sciplex3_cv/sciplex3_cv_max100_lpm_per_fold.csv
results/sciplex3_cv/max100,lpm,cpa,cpa_l1000,2,cosine_logfc,0.2662,CPA,results/sciplex3_cv/max100/cpa_l1000/fold2/evaluation/summary.csv,summary_tables/sciplex3_cv/sciplex3_cv_max100_lpm_per_fold.csv
results/sciplex3_cv/max100,lpm,cpa,cpa_l1000,2,cosine_rank_logfc,0.4392,CPA,results/sciplex3_cv/max100/cpa_l1000/fold2/evaluation/summary.csv,summary_tables/sciplex3_cv/sciplex3_cv_max100_lpm_per_fold.csv
results/sciplex3_cv/max100,lpm,cpa,cpa_l1000,2,r2_score_scores,-0.002772,CPA,results/sciplex3_cv/max100/cpa_l1000/fold2/evaluation/summary.csv,summary_tables/sciplex3_cv/sciplex3_cv_max100_lpm_per_fold.csv
results/sciplex3_cv/max100,lpm,cpa,cpa_l1000,2,top_k_recall_scores,0.0006349,CPA,results/sciplex3_cv/max100/cpa_l1000/fold2/evaluation/summary.csv,summary_tables/sciplex3_cv/sciplex3_cv_max100_lpm_per_fold.csv
results/sciplex3_cv/max100,lpm,cpa,cpa_l1000,2,mmd_pca,2.011,CPA,results/sciplex3_cv/max100/cpa_l1000/fold2/evaluation/summary.csv,summary_tables/sciplex3_cv/sciplex3_cv_max100_lpm_per_fold.csv
results/sciplex3_cv/max100,lpm,cpa,cpa_l1000,2,mmd_rank_pca,0.4326,CPA,results/sciplex3_cv/max100/cpa_l1000/fold2/evaluation/summary.csv,summary_tables/sciplex3_cv/sciplex3_cv_max100_lpm_per_fold.csv
results/sciplex3_cv/max100,lpm,cpa,cpa_l1000,3,rmse_average,0.02219,CPA,results/sciplex3_cv/max100/cpa_l1000/fold3/evaluation/summary.csv,summary_tables/sciplex3_cv/sciplex3_cv_max100_lpm_per_fold.csv
results/sciplex3_cv/max100,lpm,cpa,cpa_l1000,3,rmse_rank_average,0.3421,CPA,results/sciplex3_cv/max100/cpa_l1000/fold3/evaluation/summary.csv,summary_tables/sciplex3_cv/sciplex3_cv_max100_lpm_per_fold.csv
results/sciplex3_cv/max100,lpm,cpa,cpa_l1000,3,cosine_pca_average,0.9264,CPA,results/sciplex3_cv/max100/cpa_l1000/fold3/evaluation/summary.csv,summary_tables/sciplex3_cv/sciplex3_cv_max100_lpm_per_fold.csv
results/sciplex3_cv/max100,lpm,cpa,cpa_l1000,3,cosine_rank_pca_average,0.2933,CPA,results/sciplex3_cv/max100/cpa_l1000/fold3/evaluation/summary.csv,summary_tables/sciplex3_cv/sciplex3_cv_max100_lpm_per_fold.csv
results/sciplex3_cv/max100,lpm,cpa,cpa_l1000,3,cosine_logfc,0.3335,CPA,results/sciplex3_cv/max100/cpa_l1000/fold3/evaluation/summary.csv,summary_tables/sciplex3_cv/sciplex3_cv_max100_lpm_per_fold.csv
results/sciplex3_cv/max100,lpm,cpa,cpa_l1000,3,cosine_rank_logfc,0.36,CPA,results/sciplex3_cv/max100/cpa_l1000/fold3/evaluation/summary.csv,summary_tables/sciplex3_cv/sciplex3_cv_max100_lpm_per_fold.csv
results/sciplex3_cv/max100,lpm,cpa,cpa_l1000,3,r2_score_scores,-0.001637,CPA,results/sciplex3_cv/max100/cpa_l1000/fold3/evaluation/summary.csv,summary_tables/sciplex3_cv/sciplex3_cv_max100_lpm_per_fold.csv
results/sciplex3_cv/max100,lpm,cpa,cpa_l1000,3,top_k_recall_scores,0.003415,CPA,results/sciplex3_cv/max100/cpa_l1000/fold3/evaluation/summary.csv,summary_tables/sciplex3_cv/sciplex3_cv_max100_lpm_per_fold.csv
results/sciplex3_cv/max100,lpm,cpa,cpa_l1000,3,mmd_pca,2.002,CPA,results/sciplex3_cv/max100/cpa_l1000/fold3/evaluation/summary.csv,summary_tables/sciplex3_cv/sciplex3_cv_max100_lpm_per_fold.csv
results/sciplex3_cv/max100,lpm,cpa,cpa_l1000,3,mmd_rank_pca,0.2768,CPA,results/sciplex3_cv/max100/cpa_l1000/fold3/evaluation/summary.csv,summary_tables/sciplex3_cv/sciplex3_cv_max100_lpm_per_fold.csv
results/sciplex3_cv/max100,lpm,cpa_noadv,cpa_noadv_l1000,0,rmse_average,0.02362,CPA,results/sciplex3_cv/max100/cpa_noadv_l1000/fold0/evaluation/summary.csv,summary_tables/sciplex3_cv/sciplex3_cv_max100_lpm_per_fold.csv
results/sciplex3_cv/max100,lpm,cpa_noadv,cpa_noadv_l1000,0,rmse_rank_average,0.3345,CPA,results/sciplex3_cv/max100/cpa_noadv_l1000/fold0/evaluation/summary.csv,summary_tables/sciplex3_cv/sciplex3_cv_max100_lpm_per_fold.csv
results/sciplex3_cv/max100,lpm,cpa_noadv,cpa_noadv_l1000,0,cosine_pca_average,0.909,CPA,results/sciplex3_cv/max100/cpa_noadv_l1000/fold0/evaluation/summary.csv,summary_tables/sciplex3_cv/sciplex3_cv_max100_lpm_per_fold.csv
results/sciplex3_cv/max100,lpm,cpa_noadv,cpa_noadv_l1000,0,cosine_rank_pca_average,0.3351,CPA,results/sciplex3_cv/max100/cpa_noadv_l1000/fold0/evaluation/summary.csv,summary_tables/sciplex3_cv/sciplex3_cv_max100_lpm_per_fold.csv
results/sciplex3_cv/max100,lpm,cpa_noadv,cpa_noadv_l1000,0,cosine_logfc,0.32,CPA,results/sciplex3_cv/max100/cpa_noadv_l1000/fold0/evaluation/summary.csv,summary_tables/sciplex3_cv/sciplex3_cv_max100_lpm_per_fold.csv
results/sciplex3_cv/max100,lpm,cpa_noadv,cpa_noadv_l1000,0,cosine_rank_logfc,0.3496,CPA,results/sciplex3_cv/max100/cpa_noadv_l1000/fold0/evaluation/summary.csv,summary_tables/sciplex3_cv/sciplex3_cv_max100_lpm_per_fold.csv
results/sciplex3_cv/max100,lpm,cpa_noadv,cpa_noadv_l1000,0,r2_score_scores,-0.002784,CPA,results/sciplex3_cv/max100/cpa_noadv_l1000/fold0/evaluation/summary.csv,summary_tables/sciplex3_cv/sciplex3_cv_max100_lpm_per_fold.csv
results/sciplex3_cv/max100,lpm,cpa_noadv,cpa_noadv_l1000,0,top_k_recall_scores,0.001587,CPA,results/sciplex3_cv/max100/cpa_noadv_l1000/fold0/evaluation/summary.csv,summary_tables/sciplex3_cv/sciplex3_cv_max100_lpm_per_fold.csv
results/sciplex3_cv/max100,lpm,cpa_noadv,cpa_noadv_l1000,0,mmd_pca,2.03,CPA,results/sciplex3_cv/max100/cpa_noadv_l1000/fold0/evaluation/summary.csv,summary_tables/sciplex3_cv/sciplex3_cv_max100_lpm_per_fold.csv
results/sciplex3_cv/max100,lpm,cpa_noadv,cpa_noadv_l1000,0,mmd_rank_pca,0.3411,CPA,results/sciplex3_cv/max100/cpa_noadv_l1000/fold0/evaluation/summary.csv,summary_tables/sciplex3_cv/sciplex3_cv_max100_lpm_per_fold.csv
results/sciplex3_cv/max100,lpm,cpa_noadv,cpa_noadv_l1000,1,rmse_average,0.02459,CPA,results/sciplex3_cv/max100/cpa_noadv_l1000/fold1/evaluation/summary.csv,summary_tables/sciplex3_cv/sciplex3_cv_max100_lpm_per_fold.csv
results/sciplex3_cv/max100,lpm,cpa_noadv,cpa_noadv_l1000,1,rmse_rank_average,0.3802,CPA,results/sciplex3_cv/max100/cpa_noadv_l1000/fold1/evaluation/summary.csv,summary_tables/sciplex3_cv/sciplex3_cv_max100_lpm_per_fold.csv
results/sciplex3_cv/max100,lpm,cpa_noadv,cpa_noadv_l1000,1,cosine_pca_average,0.9046,CPA,results/sciplex3_cv/max100/cpa_noadv_l1000/fold1/evaluation/summary.csv,summary_tables/sciplex3_cv/sciplex3_cv_max100_lpm_per_fold.csv
results/sciplex3_cv/max100,lpm,cpa_noadv,cpa_noadv_l1000,1,cosine_rank_pca_average,0.3686,CPA,results/sciplex3_cv/max100/cpa_noadv_l1000/fold1/evaluation/summary.csv,summary_tables/sciplex3_cv/sciplex3_cv_max100_lpm_per_fold.csv
results/sciplex3_cv/max100,lpm,cpa_noadv,cpa_noadv_l1000,1,cosine_logfc,0.2889,CPA,results/sciplex3_cv/max100/cpa_noadv_l1000/fold1/evaluation/summary.csv,summary_tables/sciplex3_cv/sciplex3_cv_max100_lpm_per_fold.csv
results/sciplex3_cv/max100,lpm,cpa_noadv,cpa_noadv_l1000,1,cosine_rank_logfc,0.3844,CPA,results/sciplex3_cv/max100/cpa_noadv_l1000/fold1/evaluation/summary.csv,summary_tables/sciplex3_cv/sciplex3_cv_max100_lpm_per_fold.csv
results/sciplex3_cv/max100,lpm,cpa_noadv,cpa_noadv_l1000,1,r2_score_scores,-0.001774,CPA,results/sciplex3_cv/max100/cpa_noadv_l1000/fold1/evaluation/summary.csv,summary_tables/sciplex3_cv/sciplex3_cv_max100_lpm_per_fold.csv
results/sciplex3_cv/max100,lpm,cpa_noadv,cpa_noadv_l1000,1,top_k_recall_scores,0.001905,CPA,results/sciplex3_cv/max100/cpa_noadv_l1000/fold1/evaluation/summary.csv,summary_tables/sciplex3_cv/sciplex3_cv_max100_lpm_per_fold.csv
results/sciplex3_cv/max100,lpm,cpa_noadv,cpa_noadv_l1000,1,mmd_pca,2.062,CPA,results/sciplex3_cv/max100/cpa_noadv_l1000/fold1/evaluation/summary.csv,summary_tables/sciplex3_cv/sciplex3_cv_max100_lpm_per_fold.csv
results/sciplex3_cv/max100,lpm,cpa_noadv,cpa_noadv_l1000,1,mmd_rank_pca,0.3779,CPA,results/sciplex3_cv/max100/cpa_noadv_l1000/fold1/evaluation/summary.csv,summary_tables/sciplex3_cv/sciplex3_cv_max100_lpm_per_fold.csv
results/sciplex3_cv/max100,lpm,cpa_noadv,cpa_noadv_l1000,2,rmse_average,0.02212,CPA,results/sciplex3_cv/max100/cpa_noadv_l1000/fold2/evaluation/summary.csv,summary_tables/sciplex3_cv/sciplex3_cv_max100_lpm_per_fold.csv
results/sciplex3_cv/max100,lpm,cpa_noadv,cpa_noadv_l1000,2,rmse_rank_average,0.3705,CPA,results/sciplex3_cv/max100/cpa_noadv_l1000/fold2/evaluation/summary.csv,summary_tables/sciplex3_cv/sciplex3_cv_max100_lpm_per_fold.csv
results/sciplex3_cv/max100,lpm,cpa_noadv,cpa_noadv_l1000,2,cosine_pca_average,0.928,CPA,results/sciplex3_cv/max100/cpa_noadv_l1000/fold2/evaluation/summary.csv,summary_tables/sciplex3_cv/sciplex3_cv_max100_lpm_per_fold.csv
results/sciplex3_cv/max100,lpm,cpa_noadv,cpa_noadv_l1000,2,cosine_rank_pca_average,0.3719,CPA,results/sciplex3_cv/max100/cpa_noadv_l1000/fold2/evaluation/summary.csv,summary_tables/sciplex3_cv/sciplex3_cv_max100_lpm_per_fold.csv
results/sciplex3_cv/max100,lpm,cpa_noadv,cpa_noadv_l1000,2,cosine_logfc,0.2807,CPA,results/sciplex3_cv/max100/cpa_noadv_l1000/fold2/evaluation/summary.csv,summary_tables/sciplex3_cv/sciplex3_cv_max100_lpm_per_fold.csv
results/sciplex3_cv/max100,lpm,cpa_noadv,cpa_noadv_l1000,2,cosine_rank_logfc,0.3626,CPA,results/sciplex3_cv/max100/cpa_noadv_l1000/fold2/evaluation/summary.csv,summary_tables/sciplex3_cv/sciplex3_cv_max100_lpm_per_fold.csv
results/sciplex3_cv/max100,lpm,cpa_noadv,cpa_noadv_l1000,2,r2_score_scores,-0.002387,CPA,results/sciplex3_cv/max100/cpa_noadv_l1000/fold2/evaluation/summary.csv,summary_tables/sciplex3_cv/sciplex3_cv_max100_lpm_per_fold.csv
results/sciplex3_cv/max100,lpm,cpa_noadv,cpa_noadv_l1000,2,top_k_recall_scores,0.001905,CPA,results/sciplex3_cv/max100/cpa_noadv_l1000/fold2/evaluation/summary.csv,summary_tables/sciplex3_cv/sciplex3_cv_max100_lpm_per_fold.csv
results/sciplex3_cv/max100,lpm,cpa_noadv,cpa_noadv_l1000,2,mmd_pca,1.147,CPA,results/sciplex3_cv/max100/cpa_noadv_l1000/fold2/evaluation/summary.csv,summary_tables/sciplex3_cv/sciplex3_cv_max100_lpm_per_fold.csv
results/sciplex3_cv/max100,lpm,cpa_noadv,cpa_noadv_l1000,2,mmd_rank_pca,0.3928,CPA,results/sciplex3_cv/max100/cpa_noadv_l1000/fold2/evaluation/summary.csv,summary_tables/sciplex3_cv/sciplex3_cv_max100_lpm_per_fold.csv
results/sciplex3_cv/max100,lpm,cpa_noadv,cpa_noadv_l1000,3,rmse_average,0.02218,CPA,results/sciplex3_cv/max100/cpa_noadv_l1000/fold3/evaluation/summary.csv,summary_tables/sciplex3_cv/sciplex3_cv_max100_lpm_per_fold.csv
results/sciplex3_cv/max100,lpm,cpa_noadv,cpa_noadv_l1000,3,rmse_rank_average,0.3181,CPA,results/sciplex3_cv/max100/cpa_noadv_l1000/fold3/evaluation/summary.csv,summary_tables/sciplex3_cv/sciplex3_cv_max100_lpm_per_fold.csv
results/sciplex3_cv/max100,lpm,cpa_noadv,cpa_noadv_l1000,3,cosine_pca_average,0.9297,CPA,results/sciplex3_cv/max100/cpa_noadv_l1000/fold3/evaluation/summary.csv,summary_tables/sciplex3_cv/sciplex3_cv_max100_lpm_per_fold.csv
results/sciplex3_cv/max100,lpm,cpa_noadv,cpa_noadv_l1000,3,cosine_rank_pca_average,0.2669,CPA,results/sciplex3_cv/max100/cpa_noadv_l1000/fold3/evaluation/summary.csv,summary_tables/sciplex3_cv/sciplex3_cv_max100_lpm_per_fold.csv
results/sciplex3_cv/max100,lpm,cpa_noadv,cpa_noadv_l1000,3,cosine_logfc,0.3188,CPA,results/sciplex3_cv/max100/cpa_noadv_l1000/fold3/evaluation/summary.csv,summary_tables/sciplex3_cv/sciplex3_cv_max100_lpm_per_fold.csv
results/sciplex3_cv/max100,lpm,cpa_noadv,cpa_noadv_l1000,3,cosine_rank_logfc,0.3134,CPA,results/sciplex3_cv/max100/cpa_noadv_l1000/fold3/evaluation/summary.csv,summary_tables/sciplex3_cv/sciplex3_cv_max100_lpm_per_fold.csv
results/sciplex3_cv/max100,lpm,cpa_noadv,cpa_noadv_l1000,3,r2_score_scores,0.002919,CPA,results/sciplex3_cv/max100/cpa_noadv_l1000/fold3/evaluation/summary.csv,summary_tables/sciplex3_cv/sciplex3_cv_max100_lpm_per_fold.csv
results/sciplex3_cv/max100,lpm,cpa_noadv,cpa_noadv_l1000,3,top_k_recall_scores,0.007154,CPA,results/sciplex3_cv/max100/cpa_noadv_l1000/fold3/evaluation/summary.csv,summary_tables/sciplex3_cv/sciplex3_cv_max100_lpm_per_fold.csv
results/sciplex3_cv/max100,lpm,cpa_noadv,cpa_noadv_l1000,3,mmd_pca,0.895,CPA,results/sciplex3_cv/max100/cpa_noadv_l1000/fold3/evaluation/summary.csv,summary_tables/sciplex3_cv/sciplex3_cv_max100_lpm_per_fold.csv
results/sciplex3_cv/max100,lpm,cpa_noadv,cpa_noadv_l1000,3,mmd_rank_pca,0.2634,CPA,results/sciplex3_cv/max100/cpa_noadv_l1000/fold3/evaluation/summary.csv,summary_tables/sciplex3_cv/sciplex3_cv_max100_lpm_per_fold.csv
results/sciplex3_cv/max100,onehot,linear,linear_onehot,0,rmse_average,0.1665,LinearAdditive,results/sciplex3_cv/max100/linear_onehot/fold0/evaluation/summary.csv,summary_tables/sciplex3_cv/sciplex3_cv_max100_onehot_per_fold.csv
results/sciplex3_cv/max100,onehot,linear,linear_onehot,0,rmse_rank_average,0.498,LinearAdditive,results/sciplex3_cv/max100/linear_onehot/fold0/evaluation/summary.csv,summary_tables/sciplex3_cv/sciplex3_cv_max100_onehot_per_fold.csv
results/sciplex3_cv/max100,onehot,linear,linear_onehot,0,cosine_pca_average,0.5096,LinearAdditive,results/sciplex3_cv/max100/linear_onehot/fold0/evaluation/summary.csv,summary_tables/sciplex3_cv/sciplex3_cv_max100_onehot_per_fold.csv
results/sciplex3_cv/max100,onehot,linear,linear_onehot,0,cosine_rank_pca_average,0.4283,LinearAdditive,results/sciplex3_cv/max100/linear_onehot/fold0/evaluation/summary.csv,summary_tables/sciplex3_cv/sciplex3_cv_max100_onehot_per_fold.csv
results/sciplex3_cv/max100,onehot,linear,linear_onehot,0,cosine_logfc,-0.004146,LinearAdditive,results/sciplex3_cv/max100/linear_onehot/fold0/evaluation/summary.csv,summary_tables/sciplex3_cv/sciplex3_cv_max100_onehot_per_fold.csv
results/sciplex3_cv/max100,onehot,linear,linear_onehot,0,cosine_rank_logfc,0.5057,LinearAdditive,results/sciplex3_cv/max100/linear_onehot/fold0/evaluation/summary.csv,summary_tables/sciplex3_cv/sciplex3_cv_max100_onehot_per_fold.csv
results/sciplex3_cv/max100,onehot,linear,linear_onehot,0,r2_score_scores,-0.04545,LinearAdditive,results/sciplex3_cv/max100/linear_onehot/fold0/evaluation/summary.csv,summary_tables/sciplex3_cv/sciplex3_cv_max100_onehot_per_fold.csv
results/sciplex3_cv/max100,onehot,linear,linear_onehot,0,top_k_recall_scores,0.0,LinearAdditive,results/sciplex3_cv/max100/linear_onehot/fold0/evaluation/summary.csv,summary_tables/sciplex3_cv/sciplex3_cv_max100_onehot_per_fold.csv
results/sciplex3_cv/max100,onehot,linear,linear_onehot,0,mmd_pca,2.993,LinearAdditive,results/sciplex3_cv/max100/linear_onehot/fold0/evaluation/summary.csv,summary_tables/sciplex3_cv/sciplex3_cv_max100_onehot_per_fold.csv
results/sciplex3_cv/max100,onehot,linear,linear_onehot,0,mmd_rank_pca,0.4241,LinearAdditive,results/sciplex3_cv/max100/linear_onehot/fold0/evaluation/summary.csv,summary_tables/sciplex3_cv/sciplex3_cv_max100_onehot_per_fold.csv
results/sciplex3_cv/max100,onehot,linear,linear_onehot,1,rmse_average,0.1704,LinearAdditive,results/sciplex3_cv/max100/linear_onehot/fold1/evaluation/summary.csv,summary_tables/sciplex3_cv/sciplex3_cv_max100_onehot_per_fold.csv
results/sciplex3_cv/max100,onehot,linear,linear_onehot,1,rmse_rank_average,0.4947,LinearAdditive,results/sciplex3_cv/max100/linear_onehot/fold1/evaluation/summary.csv,summary_tables/sciplex3_cv/sciplex3_cv_max100_onehot_per_fold.csv
results/sciplex3_cv/max100,onehot,linear,linear_onehot,1,cosine_pca_average,0.4714,LinearAdditive,results/sciplex3_cv/max100/linear_onehot/fold1/evaluation/summary.csv,summary_tables/sciplex3_cv/sciplex3_cv_max100_onehot_per_fold.csv
results/sciplex3_cv/max100,onehot,linear,linear_onehot,1,cosine_rank_pca_average,0.5012,LinearAdditive,results/sciplex3_cv/max100/linear_onehot/fold1/evaluation/summary.csv,summary_tables/sciplex3_cv/sciplex3_cv_max100_onehot_per_fold.csv
results/sciplex3_cv/max100,onehot,linear,linear_onehot,1,cosine_logfc,0.005237,LinearAdditive,results/sciplex3_cv/max100/linear_onehot/fold1/evaluation/summary.csv,summary_tables/sciplex3_cv/sciplex3_cv_max100_onehot_per_fold.csv
results/sciplex3_cv/max100,onehot,linear,linear_onehot,1,cosine_rank_logfc,0.5026,LinearAdditive,results/sciplex3_cv/max100/linear_onehot/fold1/evaluation/summary.csv,summary_tables/sciplex3_cv/sciplex3_cv_max100_onehot_per_fold.csv
results/sciplex3_cv/max100,onehot,linear,linear_onehot,1,r2_score_scores,-0.04563,LinearAdditive,results/sciplex3_cv/max100/linear_onehot/fold1/evaluation/summary.csv,summary_tables/sciplex3_cv/sciplex3_cv_max100_onehot_per_fold.csv
results/sciplex3_cv/max100,onehot,linear,linear_onehot,1,top_k_recall_scores,0.0,LinearAdditive,results/sciplex3_cv/max100/linear_onehot/fold1/evaluation/summary.csv,summary_tables/sciplex3_cv/sciplex3_cv_max100_onehot_per_fold.csv
results/sciplex3_cv/max100,onehot,linear,linear_onehot,1,mmd_pca,3.302,LinearAdditive,results/sciplex3_cv/max100/linear_onehot/fold1/evaluation/summary.csv,summary_tables/sciplex3_cv/sciplex3_cv_max100_onehot_per_fold.csv
results/sciplex3_cv/max100,onehot,linear,linear_onehot,1,mmd_rank_pca,0.4723,LinearAdditive,results/sciplex3_cv/max100/linear_onehot/fold1/evaluation/summary.csv,summary_tables/sciplex3_cv/sciplex3_cv_max100_onehot_per_fold.csv
results/sciplex3_cv/max100,onehot,linear,linear_onehot,2,rmse_average,0.1682,LinearAdditive,results/sciplex3_cv/max100/linear_onehot/fold2/evaluation/summary.csv,summary_tables/sciplex3_cv/sciplex3_cv_max100_onehot_per_fold.csv
results/sciplex3_cv/max100,onehot,linear,linear_onehot,2,rmse_rank_average,0.4718,LinearAdditive,results/sciplex3_cv/max100/linear_onehot/fold2/evaluation/summary.csv,summary_tables/sciplex3_cv/sciplex3_cv_max100_onehot_per_fold.csv
results/sciplex3_cv/max100,onehot,linear,linear_onehot,2,cosine_pca_average,0.4884,LinearAdditive,results/sciplex3_cv/max100/linear_onehot/fold2/evaluation/summary.csv,summary_tables/sciplex3_cv/sciplex3_cv_max100_onehot_per_fold.csv
results/sciplex3_cv/max100,onehot,linear,linear_onehot,2,cosine_rank_pca_average,0.4167,LinearAdditive,results/sciplex3_cv/max100/linear_onehot/fold2/evaluation/summary.csv,summary_tables/sciplex3_cv/sciplex3_cv_max100_onehot_per_fold.csv
results/sciplex3_cv/max100,onehot,linear,linear_onehot,2,cosine_logfc,0.003828,LinearAdditive,results/sciplex3_cv/max100/linear_onehot/fold2/evaluation/summary.csv,summary_tables/sciplex3_cv/sciplex3_cv_max100_onehot_per_fold.csv
results/sciplex3_cv/max100,onehot,linear,linear_onehot,2,cosine_rank_logfc,0.4486,LinearAdditive,results/sciplex3_cv/max100/linear_onehot/fold2/evaluation/summary.csv,summary_tables/sciplex3_cv/sciplex3_cv_max100_onehot_per_fold.csv
results/sciplex3_cv/max100,onehot,linear,linear_onehot,2,r2_score_scores,-0.04536,LinearAdditive,results/sciplex3_cv/max100/linear_onehot/fold2/evaluation/summary.csv,summary_tables/sciplex3_cv/sciplex3_cv_max100_onehot_per_fold.csv
results/sciplex3_cv/max100,onehot,linear,linear_onehot,2,top_k_recall_scores,0.0,LinearAdditive,results/sciplex3_cv/max100/linear_onehot/fold2/evaluation/summary.csv,summary_tables/sciplex3_cv/sciplex3_cv_max100_onehot_per_fold.csv
results/sciplex3_cv/max100,onehot,linear,linear_onehot,2,mmd_pca,3.155,LinearAdditive,results/sciplex3_cv/max100/linear_onehot/fold2/evaluation/summary.csv,summary_tables/sciplex3_cv/sciplex3_cv_max100_onehot_per_fold.csv
results/sciplex3_cv/max100,onehot,linear,linear_onehot,2,mmd_rank_pca,0.3642,LinearAdditive,results/sciplex3_cv/max100/linear_onehot/fold2/evaluation/summary.csv,summary_tables/sciplex3_cv/sciplex3_cv_max100_onehot_per_fold.csv
results/sciplex3_cv/max100,onehot,linear,linear_onehot,3,rmse_average,0.1656,LinearAdditive,results/sciplex3_cv/max100/linear_onehot/fold3/evaluation/summary.csv,summary_tables/sciplex3_cv/sciplex3_cv_max100_onehot_per_fold.csv
results/sciplex3_cv/max100,onehot,linear,linear_onehot,3,rmse_rank_average,0.5065,LinearAdditive,results/sciplex3_cv/max100/linear_onehot/fold3/evaluation/summary.csv,summary_tables/sciplex3_cv/sciplex3_cv_max100_onehot_per_fold.csv
results/sciplex3_cv/max100,onehot,linear,linear_onehot,3,cosine_pca_average,0.4771,LinearAdditive,results/sciplex3_cv/max100/linear_onehot/fold3/evaluation/summary.csv,summary_tables/sciplex3_cv/sciplex3_cv_max100_onehot_per_fold.csv
results/sciplex3_cv/max100,onehot,linear,linear_onehot,3,cosine_rank_pca_average,0.38,LinearAdditive,results/sciplex3_cv/max100/linear_onehot/fold3/evaluation/summary.csv,summary_tables/sciplex3_cv/sciplex3_cv_max100_onehot_per_fold.csv
results/sciplex3_cv/max100,onehot,linear,linear_onehot,3,cosine_logfc,0.01377,LinearAdditive,results/sciplex3_cv/max100/linear_onehot/fold3/evaluation/summary.csv,summary_tables/sciplex3_cv/sciplex3_cv_max100_onehot_per_fold.csv
results/sciplex3_cv/max100,onehot,linear,linear_onehot,3,cosine_rank_logfc,0.5273,LinearAdditive,results/sciplex3_cv/max100/linear_onehot/fold3/evaluation/summary.csv,summary_tables/sciplex3_cv/sciplex3_cv_max100_onehot_per_fold.csv
results/sciplex3_cv/max100,onehot,linear,linear_onehot,3,r2_score_scores,-0.04519,LinearAdditive,results/sciplex3_cv/max100/linear_onehot/fold3/evaluation/summary.csv,summary_tables/sciplex3_cv/sciplex3_cv_max100_onehot_per_fold.csv
results/sciplex3_cv/max100,onehot,linear,linear_onehot,3,top_k_recall_scores,0.0,LinearAdditive,results/sciplex3_cv/max100/linear_onehot/fold3/evaluation/summary.csv,summary_tables/sciplex3_cv/sciplex3_cv_max100_onehot_per_fold.csv
results/sciplex3_cv/max100,onehot,linear,linear_onehot,3,mmd_pca,3.169,LinearAdditive,results/sciplex3_cv/max100/linear_onehot/fold3/evaluation/summary.csv,summary_tables/sciplex3_cv/sciplex3_cv_max100_onehot_per_fold.csv
results/sciplex3_cv/max100,onehot,linear,linear_onehot,3,mmd_rank_pca,0.3372,LinearAdditive,results/sciplex3_cv/max100/linear_onehot/fold3/evaluation/summary.csv,summary_tables/sciplex3_cv/sciplex3_cv_max100_onehot_per_fold.csv
results/sciplex3_cv/max100,onehot,latent,latent_onehot,0,rmse_average,0.02159,LatentAdditive,results/sciplex3_cv/max100/latent_onehot/fold0/evaluation/summary.csv,summary_tables/sciplex3_cv/sciplex3_cv_max100_onehot_per_fold.csv
results/sciplex3_cv/max100,onehot,latent,latent_onehot,0,rmse_rank_average,0.5135,LatentAdditive,results/sciplex3_cv/max100/latent_onehot/fold0/evaluation/summary.csv,summary_tables/sciplex3_cv/sciplex3_cv_max100_onehot_per_fold.csv
results/sciplex3_cv/max100,onehot,latent,latent_onehot,0,cosine_pca_average,0.9213,LatentAdditive,results/sciplex3_cv/max100/latent_onehot/fold0/evaluation/summary.csv,summary_tables/sciplex3_cv/sciplex3_cv_max100_onehot_per_fold.csv
results/sciplex3_cv/max100,onehot,latent,latent_onehot,0,cosine_rank_pca_average,0.3466,LatentAdditive,results/sciplex3_cv/max100/latent_onehot/fold0/evaluation/summary.csv,summary_tables/sciplex3_cv/sciplex3_cv_max100_onehot_per_fold.csv
results/sciplex3_cv/max100,onehot,latent,latent_onehot,0,cosine_logfc,0.2832,LatentAdditive,results/sciplex3_cv/max100/latent_onehot/fold0/evaluation/summary.csv,summary_tables/sciplex3_cv/sciplex3_cv_max100_onehot_per_fold.csv
results/sciplex3_cv/max100,onehot,latent,latent_onehot,0,cosine_rank_logfc,0.4909,LatentAdditive,results/sciplex3_cv/max100/latent_onehot/fold0/evaluation/summary.csv,summary_tables/sciplex3_cv/sciplex3_cv_max100_onehot_per_fold.csv
results/sciplex3_cv/max100,onehot,latent,latent_onehot,0,r2_score_scores,-0.1806,LatentAdditive,results/sciplex3_cv/max100/latent_onehot/fold0/evaluation/summary.csv,summary_tables/sciplex3_cv/sciplex3_cv_max100_onehot_per_fold.csv
results/sciplex3_cv/max100,onehot,latent,latent_onehot,0,top_k_recall_scores,0.0,LatentAdditive,results/sciplex3_cv/max100/latent_onehot/fold0/evaluation/summary.csv,summary_tables/sciplex3_cv/sciplex3_cv_max100_onehot_per_fold.csv
results/sciplex3_cv/max100,onehot,latent,latent_onehot,0,mmd_pca,2.003,LatentAdditive,results/sciplex3_cv/max100/latent_onehot/fold0/evaluation/summary.csv,summary_tables/sciplex3_cv/sciplex3_cv_max100_onehot_per_fold.csv
results/sciplex3_cv/max100,onehot,latent,latent_onehot,0,mmd_rank_pca,0.3455,LatentAdditive,results/sciplex3_cv/max100/latent_onehot/fold0/evaluation/summary.csv,summary_tables/sciplex3_cv/sciplex3_cv_max100_onehot_per_fold.csv
results/sciplex3_cv/max100,onehot,latent,latent_onehot,1,rmse_average,0.02536,LatentAdditive,results/sciplex3_cv/max100/latent_onehot/fold1/evaluation/summary.csv,summary_tables/sciplex3_cv/sciplex3_cv_max100_onehot_per_fold.csv
results/sciplex3_cv/max100,onehot,latent,latent_onehot,1,rmse_rank_average,0.5275,LatentAdditive,results/sciplex3_cv/max100/latent_onehot/fold1/evaluation/summary.csv,summary_tables/sciplex3_cv/sciplex3_cv_max100_onehot_per_fold.csv
results/sciplex3_cv/max100,onehot,latent,latent_onehot,1,cosine_pca_average,0.8802,LatentAdditive,results/sciplex3_cv/max100/latent_onehot/fold1/evaluation/summary.csv,summary_tables/sciplex3_cv/sciplex3_cv_max100_onehot_per_fold.csv
results/sciplex3_cv/max100,onehot,latent,latent_onehot,1,cosine_rank_pca_average,0.3998,LatentAdditive,results/sciplex3_cv/max100/latent_onehot/fold1/evaluation/summary.csv,summary_tables/sciplex3_cv/sciplex3_cv_max100_onehot_per_fold.csv
results/sciplex3_cv/max100,onehot,latent,latent_onehot,1,cosine_logfc,0.245,LatentAdditive,results/sciplex3_cv/max100/latent_onehot/fold1/evaluation/summary.csv,summary_tables/sciplex3_cv/sciplex3_cv_max100_onehot_per_fold.csv
results/sciplex3_cv/max100,onehot,latent,latent_onehot,1,cosine_rank_logfc,0.5255,LatentAdditive,results/sciplex3_cv/max100/latent_onehot/fold1/evaluation/summary.csv,summary_tables/sciplex3_cv/sciplex3_cv_max100_onehot_per_fold.csv
results/sciplex3_cv/max100,onehot,latent,latent_onehot,1,r2_score_scores,-0.1879,LatentAdditive,results/sciplex3_cv/max100/latent_onehot/fold1/evaluation/summary.csv,summary_tables/sciplex3_cv/sciplex3_cv_max100_onehot_per_fold.csv
results/sciplex3_cv/max100,onehot,latent,latent_onehot,1,top_k_recall_scores,0.0,LatentAdditive,results/sciplex3_cv/max100/latent_onehot/fold1/evaluation/summary.csv,summary_tables/sciplex3_cv/sciplex3_cv_max100_onehot_per_fold.csv
results/sciplex3_cv/max100,onehot,latent,latent_onehot,1,mmd_pca,2.18,LatentAdditive,results/sciplex3_cv/max100/latent_onehot/fold1/evaluation/summary.csv,summary_tables/sciplex3_cv/sciplex3_cv_max100_onehot_per_fold.csv
results/sciplex3_cv/max100,onehot,latent,latent_onehot,1,mmd_rank_pca,0.3908,LatentAdditive,results/sciplex3_cv/max100/latent_onehot/fold1/evaluation/summary.csv,summary_tables/sciplex3_cv/sciplex3_cv_max100_onehot_per_fold.csv
results/sciplex3_cv/max100,onehot,latent,latent_onehot,2,rmse_average,0.02444,LatentAdditive,results/sciplex3_cv/max100/latent_onehot/fold2/evaluation/summary.csv,summary_tables/sciplex3_cv/sciplex3_cv_max100_onehot_per_fold.csv
results/sciplex3_cv/max100,onehot,latent,latent_onehot,2,rmse_rank_average,0.4434,LatentAdditive,results/sciplex3_cv/max100/latent_onehot/fold2/evaluation/summary.csv,summary_tables/sciplex3_cv/sciplex3_cv_max100_onehot_per_fold.csv
results/sciplex3_cv/max100,onehot,latent,latent_onehot,2,cosine_pca_average,0.8954,LatentAdditive,results/sciplex3_cv/max100/latent_onehot/fold2/evaluation/summary.csv,summary_tables/sciplex3_cv/sciplex3_cv_max100_onehot_per_fold.csv
results/sciplex3_cv/max100,onehot,latent,latent_onehot,2,cosine_rank_pca_average,0.3051,LatentAdditive,results/sciplex3_cv/max100/latent_onehot/fold2/evaluation/summary.csv,summary_tables/sciplex3_cv/sciplex3_cv_max100_onehot_per_fold.csv
results/sciplex3_cv/max100,onehot,latent,latent_onehot,2,cosine_logfc,0.2896,LatentAdditive,results/sciplex3_cv/max100/latent_onehot/fold2/evaluation/summary.csv,summary_tables/sciplex3_cv/sciplex3_cv_max100_onehot_per_fold.csv
results/sciplex3_cv/max100,onehot,latent,latent_onehot,2,cosine_rank_logfc,0.4658,LatentAdditive,results/sciplex3_cv/max100/latent_onehot/fold2/evaluation/summary.csv,summary_tables/sciplex3_cv/sciplex3_cv_max100_onehot_per_fold.csv
results/sciplex3_cv/max100,onehot,latent,latent_onehot,2,r2_score_scores,-0.1828,LatentAdditive,results/sciplex3_cv/max100/latent_onehot/fold2/evaluation/summary.csv,summary_tables/sciplex3_cv/sciplex3_cv_max100_onehot_per_fold.csv
results/sciplex3_cv/max100,onehot,latent,latent_onehot,2,top_k_recall_scores,0.0,LatentAdditive,results/sciplex3_cv/max100/latent_onehot/fold2/evaluation/summary.csv,summary_tables/sciplex3_cv/sciplex3_cv_max100_onehot_per_fold.csv
results/sciplex3_cv/max100,onehot,latent,latent_onehot,2,mmd_pca,2.115,LatentAdditive,results/sciplex3_cv/max100/latent_onehot/fold2/evaluation/summary.csv,summary_tables/sciplex3_cv/sciplex3_cv_max100_onehot_per_fold.csv
results/sciplex3_cv/max100,onehot,latent,latent_onehot,2,mmd_rank_pca,0.2854,LatentAdditive,results/sciplex3_cv/max100/latent_onehot/fold2/evaluation/summary.csv,summary_tables/sciplex3_cv/sciplex3_cv_max100_onehot_per_fold.csv
results/sciplex3_cv/max100,onehot,latent,latent_onehot,3,rmse_average,0.02423,LatentAdditive,results/sciplex3_cv/max100/latent_onehot/fold3/evaluation/summary.csv,summary_tables/sciplex3_cv/sciplex3_cv_max100_onehot_per_fold.csv
results/sciplex3_cv/max100,onehot,latent,latent_onehot,3,rmse_rank_average,0.4912,LatentAdditive,results/sciplex3_cv/max100/latent_onehot/fold3/evaluation/summary.csv,summary_tables/sciplex3_cv/sciplex3_cv_max100_onehot_per_fold.csv
results/sciplex3_cv/max100,onehot,latent,latent_onehot,3,cosine_pca_average,0.8789,LatentAdditive,results/sciplex3_cv/max100/latent_onehot/fold3/evaluation/summary.csv,summary_tables/sciplex3_cv/sciplex3_cv_max100_onehot_per_fold.csv
results/sciplex3_cv/max100,onehot,latent,latent_onehot,3,cosine_rank_pca_average,0.3198,LatentAdditive,results/sciplex3_cv/max100/latent_onehot/fold3/evaluation/summary.csv,summary_tables/sciplex3_cv/sciplex3_cv_max100_onehot_per_fold.csv
results/sciplex3_cv/max100,onehot,latent,latent_onehot,3,cosine_logfc,0.2887,LatentAdditive,results/sciplex3_cv/max100/latent_onehot/fold3/evaluation/summary.csv,summary_tables/sciplex3_cv/sciplex3_cv_max100_onehot_per_fold.csv
results/sciplex3_cv/max100,onehot,latent,latent_onehot,3,cosine_rank_logfc,0.5088,LatentAdditive,results/sciplex3_cv/max100/latent_onehot/fold3/evaluation/summary.csv,summary_tables/sciplex3_cv/sciplex3_cv_max100_onehot_per_fold.csv
results/sciplex3_cv/max100,onehot,latent,latent_onehot,3,r2_score_scores,-0.1882,LatentAdditive,results/sciplex3_cv/max100/latent_onehot/fold3/evaluation/summary.csv,summary_tables/sciplex3_cv/sciplex3_cv_max100_onehot_per_fold.csv
results/sciplex3_cv/max100,onehot,latent,latent_onehot,3,top_k_recall_scores,0.0,LatentAdditive,results/sciplex3_cv/max100/latent_onehot/fold3/evaluation/summary.csv,summary_tables/sciplex3_cv/sciplex3_cv_max100_onehot_per_fold.csv
results/sciplex3_cv/max100,onehot,latent,latent_onehot,3,mmd_pca,2.142,LatentAdditive,results/sciplex3_cv/max100/latent_onehot/fold3/evaluation/summary.csv,summary_tables/sciplex3_cv/sciplex3_cv_max100_onehot_per_fold.csv
results/sciplex3_cv/max100,onehot,latent,latent_onehot,3,mmd_rank_pca,0.3256,LatentAdditive,results/sciplex3_cv/max100/latent_onehot/fold3/evaluation/summary.csv,summary_tables/sciplex3_cv/sciplex3_cv_max100_onehot_per_fold.csv
results/sciplex3_cv/max100,onehot,decoder,decoder_onehot,0,rmse_average,0.02221,DecoderOnly,results/sciplex3_cv/max100/decoder_onehot/fold0/evaluation/summary.csv,summary_tables/sciplex3_cv/sciplex3_cv_max100_onehot_per_fold.csv
results/sciplex3_cv/max100,onehot,decoder,decoder_onehot,0,rmse_rank_average,0.5003,DecoderOnly,results/sciplex3_cv/max100/decoder_onehot/fold0/evaluation/summary.csv,summary_tables/sciplex3_cv/sciplex3_cv_max100_onehot_per_fold.csv
results/sciplex3_cv/max100,onehot,decoder,decoder_onehot,0,cosine_pca_average,0.9192,DecoderOnly,results/sciplex3_cv/max100/decoder_onehot/fold0/evaluation/summary.csv,summary_tables/sciplex3_cv/sciplex3_cv_max100_onehot_per_fold.csv
results/sciplex3_cv/max100,onehot,decoder,decoder_onehot,0,cosine_rank_pca_average,0.3278,DecoderOnly,results/sciplex3_cv/max100/decoder_onehot/fold0/evaluation/summary.csv,summary_tables/sciplex3_cv/sciplex3_cv_max100_onehot_per_fold.csv
results/sciplex3_cv/max100,onehot,decoder,decoder_onehot,0,cosine_logfc,0.189,DecoderOnly,results/sciplex3_cv/max100/decoder_onehot/fold0/evaluation/summary.csv,summary_tables/sciplex3_cv/sciplex3_cv_max100_onehot_per_fold.csv
results/sciplex3_cv/max100,onehot,decoder,decoder_onehot,0,cosine_rank_logfc,0.5152,DecoderOnly,results/sciplex3_cv/max100/decoder_onehot/fold0/evaluation/summary.csv,summary_tables/sciplex3_cv/sciplex3_cv_max100_onehot_per_fold.csv
results/sciplex3_cv/max100,onehot,decoder,decoder_onehot,0,r2_score_scores,-0.04134,DecoderOnly,results/sciplex3_cv/max100/decoder_onehot/fold0/evaluation/summary.csv,summary_tables/sciplex3_cv/sciplex3_cv_max100_onehot_per_fold.csv
results/sciplex3_cv/max100,onehot,decoder,decoder_onehot,0,top_k_recall_scores,0.0,DecoderOnly,results/sciplex3_cv/max100/decoder_onehot/fold0/evaluation/summary.csv,summary_tables/sciplex3_cv/sciplex3_cv_max100_onehot_per_fold.csv
results/sciplex3_cv/max100,onehot,decoder,decoder_onehot,0,mmd_pca,2.057,DecoderOnly,results/sciplex3_cv/max100/decoder_onehot/fold0/evaluation/summary.csv,summary_tables/sciplex3_cv/sciplex3_cv_max100_onehot_per_fold.csv
results/sciplex3_cv/max100,onehot,decoder,decoder_onehot,0,mmd_rank_pca,0.3231,DecoderOnly,results/sciplex3_cv/max100/decoder_onehot/fold0/evaluation/summary.csv,summary_tables/sciplex3_cv/sciplex3_cv_max100_onehot_per_fold.csv
results/sciplex3_cv/max100,onehot,decoder,decoder_onehot,1,rmse_average,0.02717,DecoderOnly,results/sciplex3_cv/max100/decoder_onehot/fold1/evaluation/summary.csv,summary_tables/sciplex3_cv/sciplex3_cv_max100_onehot_per_fold.csv
results/sciplex3_cv/max100,onehot,decoder,decoder_onehot,1,rmse_rank_average,0.4739,DecoderOnly,results/sciplex3_cv/max100/decoder_onehot/fold1/evaluation/summary.csv,summary_tables/sciplex3_cv/sciplex3_cv_max100_onehot_per_fold.csv
results/sciplex3_cv/max100,onehot,decoder,decoder_onehot,1,cosine_pca_average,0.8736,DecoderOnly,results/sciplex3_cv/max100/decoder_onehot/fold1/evaluation/summary.csv,summary_tables/sciplex3_cv/sciplex3_cv_max100_onehot_per_fold.csv
results/sciplex3_cv/max100,onehot,decoder,decoder_onehot,1,cosine_rank_pca_average,0.4049,DecoderOnly,results/sciplex3_cv/max100/decoder_onehot/fold1/evaluation/summary.csv,summary_tables/sciplex3_cv/sciplex3_cv_max100_onehot_per_fold.csv
results/sciplex3_cv/max100,onehot,decoder,decoder_onehot,1,cosine_logfc,0.1555,DecoderOnly,results/sciplex3_cv/max100/decoder_onehot/fold1/evaluation/summary.csv,summary_tables/sciplex3_cv/sciplex3_cv_max100_onehot_per_fold.csv
results/sciplex3_cv/max100,onehot,decoder,decoder_onehot,1,cosine_rank_logfc,0.4944,DecoderOnly,results/sciplex3_cv/max100/decoder_onehot/fold1/evaluation/summary.csv,summary_tables/sciplex3_cv/sciplex3_cv_max100_onehot_per_fold.csv
results/sciplex3_cv/max100,onehot,decoder,decoder_onehot,1,r2_score_scores,-0.0445,DecoderOnly,results/sciplex3_cv/max100/decoder_onehot/fold1/evaluation/summary.csv,summary_tables/sciplex3_cv/sciplex3_cv_max100_onehot_per_fold.csv
results/sciplex3_cv/max100,onehot,decoder,decoder_onehot,1,top_k_recall_scores,0.0,DecoderOnly,results/sciplex3_cv/max100/decoder_onehot/fold1/evaluation/summary.csv,summary_tables/sciplex3_cv/sciplex3_cv_max100_onehot_per_fold.csv
results/sciplex3_cv/max100,onehot,decoder,decoder_onehot,1,mmd_pca,2.257,DecoderOnly,results/sciplex3_cv/max100/decoder_onehot/fold1/evaluation/summary.csv,summary_tables/sciplex3_cv/sciplex3_cv_max100_onehot_per_fold.csv
results/sciplex3_cv/max100,onehot,decoder,decoder_onehot,1,mmd_rank_pca,0.3545,DecoderOnly,results/sciplex3_cv/max100/decoder_onehot/fold1/evaluation/summary.csv,summary_tables/sciplex3_cv/sciplex3_cv_max100_onehot_per_fold.csv
results/sciplex3_cv/max100,onehot,decoder,decoder_onehot,2,rmse_average,0.02549,DecoderOnly,results/sciplex3_cv/max100/decoder_onehot/fold2/evaluation/summary.csv,summary_tables/sciplex3_cv/sciplex3_cv_max100_onehot_per_fold.csv
results/sciplex3_cv/max100,onehot,decoder,decoder_onehot,2,rmse_rank_average,0.4778,DecoderOnly,results/sciplex3_cv/max100/decoder_onehot/fold2/evaluation/summary.csv,summary_tables/sciplex3_cv/sciplex3_cv_max100_onehot_per_fold.csv
results/sciplex3_cv/max100,onehot,decoder,decoder_onehot,2,cosine_pca_average,0.8925,DecoderOnly,results/sciplex3_cv/max100/decoder_onehot/fold2/evaluation/summary.csv,summary_tables/sciplex3_cv/sciplex3_cv_max100_onehot_per_fold.csv
results/sciplex3_cv/max100,onehot,decoder,decoder_onehot,2,cosine_rank_pca_average,0.3333,DecoderOnly,results/sciplex3_cv/max100/decoder_onehot/fold2/evaluation/summary.csv,summary_tables/sciplex3_cv/sciplex3_cv_max100_onehot_per_fold.csv
results/sciplex3_cv/max100,onehot,decoder,decoder_onehot,2,cosine_logfc,0.1858,DecoderOnly,results/sciplex3_cv/max100/decoder_onehot/fold2/evaluation/summary.csv,summary_tables/sciplex3_cv/sciplex3_cv_max100_onehot_per_fold.csv
results/sciplex3_cv/max100,onehot,decoder,decoder_onehot,2,cosine_rank_logfc,0.5049,DecoderOnly,results/sciplex3_cv/max100/decoder_onehot/fold2/evaluation/summary.csv,summary_tables/sciplex3_cv/sciplex3_cv_max100_onehot_per_fold.csv
results/sciplex3_cv/max100,onehot,decoder,decoder_onehot,2,r2_score_scores,-0.04263,DecoderOnly,results/sciplex3_cv/max100/decoder_onehot/fold2/evaluation/summary.csv,summary_tables/sciplex3_cv/sciplex3_cv_max100_onehot_per_fold.csv
results/sciplex3_cv/max100,onehot,decoder,decoder_onehot,2,top_k_recall_scores,0.0,DecoderOnly,results/sciplex3_cv/max100/decoder_onehot/fold2/evaluation/summary.csv,summary_tables/sciplex3_cv/sciplex3_cv_max100_onehot_per_fold.csv
results/sciplex3_cv/max100,onehot,decoder,decoder_onehot,2,mmd_pca,2.176,DecoderOnly,results/sciplex3_cv/max100/decoder_onehot/fold2/evaluation/summary.csv,summary_tables/sciplex3_cv/sciplex3_cv_max100_onehot_per_fold.csv
results/sciplex3_cv/max100,onehot,decoder,decoder_onehot,2,mmd_rank_pca,0.3099,DecoderOnly,results/sciplex3_cv/max100/decoder_onehot/fold2/evaluation/summary.csv,summary_tables/sciplex3_cv/sciplex3_cv_max100_onehot_per_fold.csv
results/sciplex3_cv/max100,onehot,decoder,decoder_onehot,3,rmse_average,0.02583,DecoderOnly,results/sciplex3_cv/max100/decoder_onehot/fold3/evaluation/summary.csv,summary_tables/sciplex3_cv/sciplex3_cv_max100_onehot_per_fold.csv
results/sciplex3_cv/max100,onehot,decoder,decoder_onehot,3,rmse_rank_average,0.4901,DecoderOnly,results/sciplex3_cv/max100/decoder_onehot/fold3/evaluation/summary.csv,summary_tables/sciplex3_cv/sciplex3_cv_max100_onehot_per_fold.csv
results/sciplex3_cv/max100,onehot,decoder,decoder_onehot,3,cosine_pca_average,0.8744,DecoderOnly,results/sciplex3_cv/max100/decoder_onehot/fold3/evaluation/summary.csv,summary_tables/sciplex3_cv/sciplex3_cv_max100_onehot_per_fold.csv
results/sciplex3_cv/max100,onehot,decoder,decoder_onehot,3,cosine_rank_pca_average,0.3252,DecoderOnly,results/sciplex3_cv/max100/decoder_onehot/fold3/evaluation/summary.csv,summary_tables/sciplex3_cv/sciplex3_cv_max100_onehot_per_fold.csv
results/sciplex3_cv/max100,onehot,decoder,decoder_onehot,3,cosine_logfc,0.1799,DecoderOnly,results/sciplex3_cv/max100/decoder_onehot/fold3/evaluation/summary.csv,summary_tables/sciplex3_cv/sciplex3_cv_max100_onehot_per_fold.csv
results/sciplex3_cv/max100,onehot,decoder,decoder_onehot,3,cosine_rank_logfc,0.4685,DecoderOnly,results/sciplex3_cv/max100/decoder_onehot/fold3/evaluation/summary.csv,summary_tables/sciplex3_cv/sciplex3_cv_max100_onehot_per_fold.csv
results/sciplex3_cv/max100,onehot,decoder,decoder_onehot,3,r2_score_scores,-0.04227,DecoderOnly,results/sciplex3_cv/max100/decoder_onehot/fold3/evaluation/summary.csv,summary_tables/sciplex3_cv/sciplex3_cv_max100_onehot_per_fold.csv
results/sciplex3_cv/max100,onehot,decoder,decoder_onehot,3,top_k_recall_scores,0.0,DecoderOnly,results/sciplex3_cv/max100/decoder_onehot/fold3/evaluation/summary.csv,summary_tables/sciplex3_cv/sciplex3_cv_max100_onehot_per_fold.csv
results/sciplex3_cv/max100,onehot,decoder,decoder_onehot,3,mmd_pca,2.209,DecoderOnly,results/sciplex3_cv/max100/decoder_onehot/fold3/evaluation/summary.csv,summary_tables/sciplex3_cv/sciplex3_cv_max100_onehot_per_fold.csv
results/sciplex3_cv/max100,onehot,decoder,decoder_onehot,3,mmd_rank_pca,0.3249,DecoderOnly,results/sciplex3_cv/max100/decoder_onehot/fold3/evaluation/summary.csv,summary_tables/sciplex3_cv/sciplex3_cv_max100_onehot_per_fold.csv
results/sciplex3_cv/max100,onehot,cpa,cpa_onehot,0,rmse_average,0.02177,CPA,results/sciplex3_cv/max100/cpa_onehot/fold0/evaluation/summary.csv,summary_tables/sciplex3_cv/sciplex3_cv_max100_onehot_per_fold.csv
results/sciplex3_cv/max100,onehot,cpa,cpa_onehot,0,rmse_rank_average,0.4663,CPA,results/sciplex3_cv/max100/cpa_onehot/fold0/evaluation/summary.csv,summary_tables/sciplex3_cv/sciplex3_cv_max100_onehot_per_fold.csv
results/sciplex3_cv/max100,onehot,cpa,cpa_onehot,0,cosine_pca_average,0.9161,CPA,results/sciplex3_cv/max100/cpa_onehot/fold0/evaluation/summary.csv,summary_tables/sciplex3_cv/sciplex3_cv_max100_onehot_per_fold.csv
results/sciplex3_cv/max100,onehot,cpa,cpa_onehot,0,cosine_rank_pca_average,0.3214,CPA,results/sciplex3_cv/max100/cpa_onehot/fold0/evaluation/summary.csv,summary_tables/sciplex3_cv/sciplex3_cv_max100_onehot_per_fold.csv
results/sciplex3_cv/max100,onehot,cpa,cpa_onehot,0,cosine_logfc,0.1887,CPA,results/sciplex3_cv/max100/cpa_onehot/fold0/evaluation/summary.csv,summary_tables/sciplex3_cv/sciplex3_cv_max100_onehot_per_fold.csv
results/sciplex3_cv/max100,onehot,cpa,cpa_onehot,0,cosine_rank_logfc,0.4675,CPA,results/sciplex3_cv/max100/cpa_onehot/fold0/evaluation/summary.csv,summary_tables/sciplex3_cv/sciplex3_cv_max100_onehot_per_fold.csv
results/sciplex3_cv/max100,onehot,cpa,cpa_onehot,0,r2_score_scores,-0.001616,CPA,results/sciplex3_cv/max100/cpa_onehot/fold0/evaluation/summary.csv,summary_tables/sciplex3_cv/sciplex3_cv_max100_onehot_per_fold.csv
results/sciplex3_cv/max100,onehot,cpa,cpa_onehot,0,top_k_recall_scores,0.0,CPA,results/sciplex3_cv/max100/cpa_onehot/fold0/evaluation/summary.csv,summary_tables/sciplex3_cv/sciplex3_cv_max100_onehot_per_fold.csv
results/sciplex3_cv/max100,onehot,cpa,cpa_onehot,0,mmd_pca,2.052,CPA,results/sciplex3_cv/max100/cpa_onehot/fold0/evaluation/summary.csv,summary_tables/sciplex3_cv/sciplex3_cv_max100_onehot_per_fold.csv
results/sciplex3_cv/max100,onehot,cpa,cpa_onehot,0,mmd_rank_pca,0.3205,CPA,results/sciplex3_cv/max100/cpa_onehot/fold0/evaluation/summary.csv,summary_tables/sciplex3_cv/sciplex3_cv_max100_onehot_per_fold.csv
results/sciplex3_cv/max100,onehot,cpa,cpa_onehot,1,rmse_average,0.0251,CPA,results/sciplex3_cv/max100/cpa_onehot/fold1/evaluation/summary.csv,summary_tables/sciplex3_cv/sciplex3_cv_max100_onehot_per_fold.csv
results/sciplex3_cv/max100,onehot,cpa,cpa_onehot,1,rmse_rank_average,0.525,CPA,results/sciplex3_cv/max100/cpa_onehot/fold1/evaluation/summary.csv,summary_tables/sciplex3_cv/sciplex3_cv_max100_onehot_per_fold.csv
results/sciplex3_cv/max100,onehot,cpa,cpa_onehot,1,cosine_pca_average,0.8765,CPA,results/sciplex3_cv/max100/cpa_onehot/fold1/evaluation/summary.csv,summary_tables/sciplex3_cv/sciplex3_cv_max100_onehot_per_fold.csv
results/sciplex3_cv/max100,onehot,cpa,cpa_onehot,1,cosine_rank_pca_average,0.4339,CPA,results/sciplex3_cv/max100/cpa_onehot/fold1/evaluation/summary.csv,summary_tables/sciplex3_cv/sciplex3_cv_max100_onehot_per_fold.csv
results/sciplex3_cv/max100,onehot,cpa,cpa_onehot,1,cosine_logfc,0.1922,CPA,results/sciplex3_cv/max100/cpa_onehot/fold1/evaluation/summary.csv,summary_tables/sciplex3_cv/sciplex3_cv_max100_onehot_per_fold.csv
results/sciplex3_cv/max100,onehot,cpa,cpa_onehot,1,cosine_rank_logfc,0.5368,CPA,results/sciplex3_cv/max100/cpa_onehot/fold1/evaluation/summary.csv,summary_tables/sciplex3_cv/sciplex3_cv_max100_onehot_per_fold.csv
results/sciplex3_cv/max100,onehot,cpa,cpa_onehot,1,r2_score_scores,-0.001934,CPA,results/sciplex3_cv/max100/cpa_onehot/fold1/evaluation/summary.csv,summary_tables/sciplex3_cv/sciplex3_cv_max100_onehot_per_fold.csv
results/sciplex3_cv/max100,onehot,cpa,cpa_onehot,1,top_k_recall_scores,0.0,CPA,results/sciplex3_cv/max100/cpa_onehot/fold1/evaluation/summary.csv,summary_tables/sciplex3_cv/sciplex3_cv_max100_onehot_per_fold.csv
results/sciplex3_cv/max100,onehot,cpa,cpa_onehot,1,mmd_pca,2.219,CPA,results/sciplex3_cv/max100/cpa_onehot/fold1/evaluation/summary.csv,summary_tables/sciplex3_cv/sciplex3_cv_max100_onehot_per_fold.csv
results/sciplex3_cv/max100,onehot,cpa,cpa_onehot,1,mmd_rank_pca,0.3682,CPA,results/sciplex3_cv/max100/cpa_onehot/fold1/evaluation/summary.csv,summary_tables/sciplex3_cv/sciplex3_cv_max100_onehot_per_fold.csv
results/sciplex3_cv/max100,onehot,cpa,cpa_onehot,2,rmse_average,0.02471,CPA,results/sciplex3_cv/max100/cpa_onehot/fold2/evaluation/summary.csv,summary_tables/sciplex3_cv/sciplex3_cv_max100_onehot_per_fold.csv
results/sciplex3_cv/max100,onehot,cpa,cpa_onehot,2,rmse_rank_average,0.54,CPA,results/sciplex3_cv/max100/cpa_onehot/fold2/evaluation/summary.csv,summary_tables/sciplex3_cv/sciplex3_cv_max100_onehot_per_fold.csv
results/sciplex3_cv/max100,onehot,cpa,cpa_onehot,2,cosine_pca_average,0.8895,CPA,results/sciplex3_cv/max100/cpa_onehot/fold2/evaluation/summary.csv,summary_tables/sciplex3_cv/sciplex3_cv_max100_onehot_per_fold.csv
results/sciplex3_cv/max100,onehot,cpa,cpa_onehot,2,cosine_rank_pca_average,0.38,CPA,results/sciplex3_cv/max100/cpa_onehot/fold2/evaluation/summary.csv,summary_tables/sciplex3_cv/sciplex3_cv_max100_onehot_per_fold.csv
results/sciplex3_cv/max100,onehot,cpa,cpa_onehot,2,cosine_logfc,0.1886,CPA,results/sciplex3_cv/max100/cpa_onehot/fold2/evaluation/summary.csv,summary_tables/sciplex3_cv/sciplex3_cv_max100_onehot_per_fold.csv
results/sciplex3_cv/max100,onehot,cpa,cpa_onehot,2,cosine_rank_logfc,0.5374,CPA,results/sciplex3_cv/max100/cpa_onehot/fold2/evaluation/summary.csv,summary_tables/sciplex3_cv/sciplex3_cv_max100_onehot_per_fold.csv
results/sciplex3_cv/max100,onehot,cpa,cpa_onehot,2,r2_score_scores,-0.002586,CPA,results/sciplex3_cv/max100/cpa_onehot/fold2/evaluation/summary.csv,summary_tables/sciplex3_cv/sciplex3_cv_max100_onehot_per_fold.csv
results/sciplex3_cv/max100,onehot,cpa,cpa_onehot,2,top_k_recall_scores,0.0,CPA,results/sciplex3_cv/max100/cpa_onehot/fold2/evaluation/summary.csv,summary_tables/sciplex3_cv/sciplex3_cv_max100_onehot_per_fold.csv
results/sciplex3_cv/max100,onehot,cpa,cpa_onehot,2,mmd_pca,2.154,CPA,results/sciplex3_cv/max100/cpa_onehot/fold2/evaluation/summary.csv,summary_tables/sciplex3_cv/sciplex3_cv_max100_onehot_per_fold.csv
results/sciplex3_cv/max100,onehot,cpa,cpa_onehot,2,mmd_rank_pca,0.337,CPA,results/sciplex3_cv/max100/cpa_onehot/fold2/evaluation/summary.csv,summary_tables/sciplex3_cv/sciplex3_cv_max100_onehot_per_fold.csv
results/sciplex3_cv/max100,onehot,cpa,cpa_onehot,3,rmse_average,0.02479,CPA,results/sciplex3_cv/max100/cpa_onehot/fold3/evaluation/summary.csv,summary_tables/sciplex3_cv/sciplex3_cv_max100_onehot_per_fold.csv
results/sciplex3_cv/max100,onehot,cpa,cpa_onehot,3,rmse_rank_average,0.5196,CPA,results/sciplex3_cv/max100/cpa_onehot/fold3/evaluation/summary.csv,summary_tables/sciplex3_cv/sciplex3_cv_max100_onehot_per_fold.csv
results/sciplex3_cv/max100,onehot,cpa,cpa_onehot,3,cosine_pca_average,0.8731,CPA,results/sciplex3_cv/max100/cpa_onehot/fold3/evaluation/summary.csv,summary_tables/sciplex3_cv/sciplex3_cv_max100_onehot_per_fold.csv
results/sciplex3_cv/max100,onehot,cpa,cpa_onehot,3,cosine_rank_pca_average,0.3347,CPA,results/sciplex3_cv/max100/cpa_onehot/fold3/evaluation/summary.csv,summary_tables/sciplex3_cv/sciplex3_cv_max100_onehot_per_fold.csv
results/sciplex3_cv/max100,onehot,cpa,cpa_onehot,3,cosine_logfc,0.1823,CPA,results/sciplex3_cv/max100/cpa_onehot/fold3/evaluation/summary.csv,summary_tables/sciplex3_cv/sciplex3_cv_max100_onehot_per_fold.csv
results/sciplex3_cv/max100,onehot,cpa,cpa_onehot,3,cosine_rank_logfc,0.5215,CPA,results/sciplex3_cv/max100/cpa_onehot/fold3/evaluation/summary.csv,summary_tables/sciplex3_cv/sciplex3_cv_max100_onehot_per_fold.csv
results/sciplex3_cv/max100,onehot,cpa,cpa_onehot,3,r2_score_scores,-0.002313,CPA,results/sciplex3_cv/max100/cpa_onehot/fold3/evaluation/summary.csv,summary_tables/sciplex3_cv/sciplex3_cv_max100_onehot_per_fold.csv
results/sciplex3_cv/max100,onehot,cpa,cpa_onehot,3,top_k_recall_scores,0.0,CPA,results/sciplex3_cv/max100/cpa_onehot/fold3/evaluation/summary.csv,summary_tables/sciplex3_cv/sciplex3_cv_max100_onehot_per_fold.csv
results/sciplex3_cv/max100,onehot,cpa,cpa_onehot,3,mmd_pca,2.177,CPA,results/sciplex3_cv/max100/cpa_onehot/fold3/evaluation/summary.csv,summary_tables/sciplex3_cv/sciplex3_cv_max100_onehot_per_fold.csv
results/sciplex3_cv/max100,onehot,cpa,cpa_onehot,3,mmd_rank_pca,0.33,CPA,results/sciplex3_cv/max100/cpa_onehot/fold3/evaluation/summary.csv,summary_tables/sciplex3_cv/sciplex3_cv_max100_onehot_per_fold.csv
results/sciplex3_cv/max100,onehot,cpa_noadv,cpa_noadv_onehot,0,rmse_average,0.02154,CPA,results/sciplex3_cv/max100/cpa_noadv_onehot/fold0/evaluation/summary.csv,summary_tables/sciplex3_cv/sciplex3_cv_max100_onehot_per_fold.csv
results/sciplex3_cv/max100,onehot,cpa_noadv,cpa_noadv_onehot,0,rmse_rank_average,0.496,CPA,results/sciplex3_cv/max100/cpa_noadv_onehot/fold0/evaluation/summary.csv,summary_tables/sciplex3_cv/sciplex3_cv_max100_onehot_per_fold.csv
results/sciplex3_cv/max100,onehot,cpa_noadv,cpa_noadv_onehot,0,cosine_pca_average,0.9178,CPA,results/sciplex3_cv/max100/cpa_noadv_onehot/fold0/evaluation/summary.csv,summary_tables/sciplex3_cv/sciplex3_cv_max100_onehot_per_fold.csv
results/sciplex3_cv/max100,onehot,cpa_noadv,cpa_noadv_onehot,0,cosine_rank_pca_average,0.3438,CPA,results/sciplex3_cv/max100/cpa_noadv_onehot/fold0/evaluation/summary.csv,summary_tables/sciplex3_cv/sciplex3_cv_max100_onehot_per_fold.csv
results/sciplex3_cv/max100,onehot,cpa_noadv,cpa_noadv_onehot,0,cosine_logfc,0.1893,CPA,results/sciplex3_cv/max100/cpa_noadv_onehot/fold0/evaluation/summary.csv,summary_tables/sciplex3_cv/sciplex3_cv_max100_onehot_per_fold.csv
results/sciplex3_cv/max100,onehot,cpa_noadv,cpa_noadv_onehot,0,cosine_rank_logfc,0.4665,CPA,results/sciplex3_cv/max100/cpa_noadv_onehot/fold0/evaluation/summary.csv,summary_tables/sciplex3_cv/sciplex3_cv_max100_onehot_per_fold.csv
results/sciplex3_cv/max100,onehot,cpa_noadv,cpa_noadv_onehot,0,r2_score_scores,-0.001225,CPA,results/sciplex3_cv/max100/cpa_noadv_onehot/fold0/evaluation/summary.csv,summary_tables/sciplex3_cv/sciplex3_cv_max100_onehot_per_fold.csv
results/sciplex3_cv/max100,onehot,cpa_noadv,cpa_noadv_onehot,0,top_k_recall_scores,0.0,CPA,results/sciplex3_cv/max100/cpa_noadv_onehot/fold0/evaluation/summary.csv,summary_tables/sciplex3_cv/sciplex3_cv_max100_onehot_per_fold.csv
results/sciplex3_cv/max100,onehot,cpa_noadv,cpa_noadv_onehot,0,mmd_pca,2.038,CPA,results/sciplex3_cv/max100/cpa_noadv_onehot/fold0/evaluation/summary.csv,summary_tables/sciplex3_cv/sciplex3_cv_max100_onehot_per_fold.csv
results/sciplex3_cv/max100,onehot,cpa_noadv,cpa_noadv_onehot,0,mmd_rank_pca,0.3377,CPA,results/sciplex3_cv/max100/cpa_noadv_onehot/fold0/evaluation/summary.csv,summary_tables/sciplex3_cv/sciplex3_cv_max100_onehot_per_fold.csv
results/sciplex3_cv/max100,onehot,cpa_noadv,cpa_noadv_onehot,1,rmse_average,0.02512,CPA,results/sciplex3_cv/max100/cpa_noadv_onehot/fold1/evaluation/summary.csv,summary_tables/sciplex3_cv/sciplex3_cv_max100_onehot_per_fold.csv
results/sciplex3_cv/max100,onehot,cpa_noadv,cpa_noadv_onehot,1,rmse_rank_average,0.4787,CPA,results/sciplex3_cv/max100/cpa_noadv_onehot/fold1/evaluation/summary.csv,summary_tables/sciplex3_cv/sciplex3_cv_max100_onehot_per_fold.csv
results/sciplex3_cv/max100,onehot,cpa_noadv,cpa_noadv_onehot,1,cosine_pca_average,0.8768,CPA,results/sciplex3_cv/max100/cpa_noadv_onehot/fold1/evaluation/summary.csv,summary_tables/sciplex3_cv/sciplex3_cv_max100_onehot_per_fold.csv
results/sciplex3_cv/max100,onehot,cpa_noadv,cpa_noadv_onehot,1,cosine_rank_pca_average,0.4043,CPA,results/sciplex3_cv/max100/cpa_noadv_onehot/fold1/evaluation/summary.csv,summary_tables/sciplex3_cv/sciplex3_cv_max100_onehot_per_fold.csv
results/sciplex3_cv/max100,onehot,cpa_noadv,cpa_noadv_onehot,1,cosine_logfc,0.1987,CPA,results/sciplex3_cv/max100/cpa_noadv_onehot/fold1/evaluation/summary.csv,summary_tables/sciplex3_cv/sciplex3_cv_max100_onehot_per_fold.csv
results/sciplex3_cv/max100,onehot,cpa_noadv,cpa_noadv_onehot,1,cosine_rank_logfc,0.4817,CPA,results/sciplex3_cv/max100/cpa_noadv_onehot/fold1/evaluation/summary.csv,summary_tables/sciplex3_cv/sciplex3_cv_max100_onehot_per_fold.csv
results/sciplex3_cv/max100,onehot,cpa_noadv,cpa_noadv_onehot,1,r2_score_scores,-0.001189,CPA,results/sciplex3_cv/max100/cpa_noadv_onehot/fold1/evaluation/summary.csv,summary_tables/sciplex3_cv/sciplex3_cv_max100_onehot_per_fold.csv
results/sciplex3_cv/max100,onehot,cpa_noadv,cpa_noadv_onehot,1,top_k_recall_scores,0.0,CPA,results/sciplex3_cv/max100/cpa_noadv_onehot/fold1/evaluation/summary.csv,summary_tables/sciplex3_cv/sciplex3_cv_max100_onehot_per_fold.csv
results/sciplex3_cv/max100,onehot,cpa_noadv,cpa_noadv_onehot,1,mmd_pca,1.333,CPA,results/sciplex3_cv/max100/cpa_noadv_onehot/fold1/evaluation/summary.csv,summary_tables/sciplex3_cv/sciplex3_cv_max100_onehot_per_fold.csv
results/sciplex3_cv/max100,onehot,cpa_noadv,cpa_noadv_onehot,1,mmd_rank_pca,0.3617,CPA,results/sciplex3_cv/max100/cpa_noadv_onehot/fold1/evaluation/summary.csv,summary_tables/sciplex3_cv/sciplex3_cv_max100_onehot_per_fold.csv
results/sciplex3_cv/max100,onehot,cpa_noadv,cpa_noadv_onehot,2,rmse_average,0.02488,CPA,results/sciplex3_cv/max100/cpa_noadv_onehot/fold2/evaluation/summary.csv,summary_tables/sciplex3_cv/sciplex3_cv_max100_onehot_per_fold.csv
results/sciplex3_cv/max100,onehot,cpa_noadv,cpa_noadv_onehot,2,rmse_rank_average,0.4644,CPA,results/sciplex3_cv/max100/cpa_noadv_onehot/fold2/evaluation/summary.csv,summary_tables/sciplex3_cv/sciplex3_cv_max100_onehot_per_fold.csv
results/sciplex3_cv/max100,onehot,cpa_noadv,cpa_noadv_onehot,2,cosine_pca_average,0.8877,CPA,results/sciplex3_cv/max100/cpa_noadv_onehot/fold2/evaluation/summary.csv,summary_tables/sciplex3_cv/sciplex3_cv_max100_onehot_per_fold.csv
results/sciplex3_cv/max100,onehot,cpa_noadv,cpa_noadv_onehot,2,cosine_rank_pca_average,0.336,CPA,results/sciplex3_cv/max100/cpa_noadv_onehot/fold2/evaluation/summary.csv,summary_tables/sciplex3_cv/sciplex3_cv_max100_onehot_per_fold.csv
results/sciplex3_cv/max100,onehot,cpa_noadv,cpa_noadv_onehot,2,cosine_logfc,0.1845,CPA,results/sciplex3_cv/max100/cpa_noadv_onehot/fold2/evaluation/summary.csv,summary_tables/sciplex3_cv/sciplex3_cv_max100_onehot_per_fold.csv
results/sciplex3_cv/max100,onehot,cpa_noadv,cpa_noadv_onehot,2,cosine_rank_logfc,0.45,CPA,results/sciplex3_cv/max100/cpa_noadv_onehot/fold2/evaluation/summary.csv,summary_tables/sciplex3_cv/sciplex3_cv_max100_onehot_per_fold.csv
results/sciplex3_cv/max100,onehot,cpa_noadv,cpa_noadv_onehot,2,r2_score_scores,-0.002671,CPA,results/sciplex3_cv/max100/cpa_noadv_onehot/fold2/evaluation/summary.csv,summary_tables/sciplex3_cv/sciplex3_cv_max100_onehot_per_fold.csv
results/sciplex3_cv/max100,onehot,cpa_noadv,cpa_noadv_onehot,2,top_k_recall_scores,0.0,CPA,results/sciplex3_cv/max100/cpa_noadv_onehot/fold2/evaluation/summary.csv,summary_tables/sciplex3_cv/sciplex3_cv_max100_onehot_per_fold.csv
results/sciplex3_cv/max100,onehot,cpa_noadv,cpa_noadv_onehot,2,mmd_pca,2.175,CPA,results/sciplex3_cv/max100/cpa_noadv_onehot/fold2/evaluation/summary.csv,summary_tables/sciplex3_cv/sciplex3_cv_max100_onehot_per_fold.csv
results/sciplex3_cv/max100,onehot,cpa_noadv,cpa_noadv_onehot,2,mmd_rank_pca,0.3143,CPA,results/sciplex3_cv/max100/cpa_noadv_onehot/fold2/evaluation/summary.csv,summary_tables/sciplex3_cv/sciplex3_cv_max100_onehot_per_fold.csv
results/sciplex3_cv/max100,onehot,cpa_noadv,cpa_noadv_onehot,3,rmse_average,0.02467,CPA,results/sciplex3_cv/max100/cpa_noadv_onehot/fold3/evaluation/summary.csv,summary_tables/sciplex3_cv/sciplex3_cv_max100_onehot_per_fold.csv
results/sciplex3_cv/max100,onehot,cpa_noadv,cpa_noadv_onehot,3,rmse_rank_average,0.4863,CPA,results/sciplex3_cv/max100/cpa_noadv_onehot/fold3/evaluation/summary.csv,summary_tables/sciplex3_cv/sciplex3_cv_max100_onehot_per_fold.csv
results/sciplex3_cv/max100,onehot,cpa_noadv,cpa_noadv_onehot,3,cosine_pca_average,0.8712,CPA,results/sciplex3_cv/max100/cpa_noadv_onehot/fold3/evaluation/summary.csv,summary_tables/sciplex3_cv/sciplex3_cv_max100_onehot_per_fold.csv
results/sciplex3_cv/max100,onehot,cpa_noadv,cpa_noadv_onehot,3,cosine_rank_pca_average,0.3201,CPA,results/sciplex3_cv/max100/cpa_noadv_onehot/fold3/evaluation/summary.csv,summary_tables/sciplex3_cv/sciplex3_cv_max100_onehot_per_fold.csv
results/sciplex3_cv/max100,onehot,cpa_noadv,cpa_noadv_onehot,3,cosine_logfc,0.1924,CPA,results/sciplex3_cv/max100/cpa_noadv_onehot/fold3/evaluation/summary.csv,summary_tables/sciplex3_cv/sciplex3_cv_max100_onehot_per_fold.csv
results/sciplex3_cv/max100,onehot,cpa_noadv,cpa_noadv_onehot,3,cosine_rank_logfc,0.4769,CPA,results/sciplex3_cv/max100/cpa_noadv_onehot/fold3/evaluation/summary.csv,summary_tables/sciplex3_cv/sciplex3_cv_max100_onehot_per_fold.csv
results/sciplex3_cv/max100,onehot,cpa_noadv,cpa_noadv_onehot,3,r2_score_scores,-0.002255,CPA,results/sciplex3_cv/max100/cpa_noadv_onehot/fold3/evaluation/summary.csv,summary_tables/sciplex3_cv/sciplex3_cv_max100_onehot_per_fold.csv
results/sciplex3_cv/max100,onehot,cpa_noadv,cpa_noadv_onehot,3,top_k_recall_scores,0.0001515,CPA,results/sciplex3_cv/max100/cpa_noadv_onehot/fold3/evaluation/summary.csv,summary_tables/sciplex3_cv/sciplex3_cv_max100_onehot_per_fold.csv
results/sciplex3_cv/max100,onehot,cpa_noadv,cpa_noadv_onehot,3,mmd_pca,2.193,CPA,results/sciplex3_cv/max100/cpa_noadv_onehot/fold3/evaluation/summary.csv,summary_tables/sciplex3_cv/sciplex3_cv_max100_onehot_per_fold.csv
results/sciplex3_cv/max100,onehot,cpa_noadv,cpa_noadv_onehot,3,mmd_rank_pca,0.3291,CPA,results/sciplex3_cv/max100/cpa_noadv_onehot/fold3/evaluation/summary.csv,summary_tables/sciplex3_cv/sciplex3_cv_max100_onehot_per_fold.csv
